{
 "cells": [
  {
   "cell_type": "code",
   "execution_count": 1,
   "metadata": {},
   "outputs": [],
   "source": [
    "import os\n",
    "import cv2\n",
    "import numpy as np\n",
    "import json\n",
    "from scipy.spatial.transform import Rotation\n",
    "import matplotlib.pyplot as plt\n",
    "%matplotlib inline"
   ]
  },
  {
   "cell_type": "code",
   "execution_count": 2,
   "metadata": {},
   "outputs": [
    {
     "name": "stdout",
     "output_type": "stream",
     "text": [
      "/home/boomalope/nerf_estimator/src/nerf_estimator/nerf_vision/scripts/../data/8_pts_dense\n"
     ]
    }
   ],
   "source": [
    "DATA_PATH = os.path.join(os.getcwd(), '../data/8_pts_dense')\n",
    "print(DATA_PATH)\n",
    "PROCESSED_DATA_PATH = os.path.join(os.getcwd(), '../processed/8_pts_dense')\n",
    "if not os.path.exists(PROCESSED_DATA_PATH):\n",
    "    os.makedirs(PROCESSED_DATA_PATH)\n",
    "if not os.path.exists(os.path.join(PROCESSED_DATA_PATH,'images')):\n",
    "    os.makedirs(os.path.join(PROCESSED_DATA_PATH,'images'))"
   ]
  },
  {
   "cell_type": "code",
   "execution_count": 3,
   "metadata": {},
   "outputs": [],
   "source": [
    "#Gazebo Param: \n",
    "#Definition: https://github.com/ros-simulation/gazebo_ros_pkgs/blob/398cde933cba5d72921055d57d4faa47c4445654/gazebo_plugins/src/gazebo_ros_camera_utils.cpp#L524"
   ]
  },
  {
   "cell_type": "code",
   "execution_count": 4,
   "metadata": {},
   "outputs": [],
   "source": [
    "#Camera parameters\n",
    "#Definitions: https://docs.nerf.studio/quickstart/data_conventions.html\n",
    "\n",
    "fl_x = 762.72 # focal length in x\n",
    "fl_y = 762.72# focal length in y\n",
    "w = 1280 # image width\n",
    "h = 720 # image height\n",
    "cx = w//2 # optical center in x\n",
    "cy = h//2 # optical center in y\n",
    "camera_model = \"OPENCV\" # camera model\n",
    "k1 = 0 # radial distortion coefficient k1\n",
    "k2 = 0 # radial distortion coefficient k2\n",
    "k3 = 0 # radial distortion coefficient k3\n",
    "p1 = 0 # tangential distortion coefficient p1\n",
    "p2 = 0 # tangential distortion coefficient p2"
   ]
  },
  {
   "cell_type": "code",
   "execution_count": 5,
   "metadata": {},
   "outputs": [],
   "source": [
    "def from_tf_to_matrix(tf):\n",
    "    #tf is the frame of the robot relative to the camera\n",
    "    xyz = tf[:3]\n",
    "    q = tf[3:7]\n",
    "    goal = tf[7:]\n",
    "\n",
    "    #Rotation matrix\n",
    "    r = Rotation.from_quat(q)\n",
    "    r = r.as_matrix()\n",
    "\n",
    "    #Translation matrix\n",
    "    t = np.zeros((4,4))\n",
    "    t[:3,:3] = r.T\n",
    "    t[:3,3] = -np.dot(r.T, xyz)\n",
    "    t[3,3] = 1\n",
    "\n",
    "    #Tranform according to nerfstudio coordinates\n",
    "    R = np.eye(4)\n",
    "    R[1,1] = -1\n",
    "    R[2,2] = -1\n",
    "    t = np.dot(R,t)\n",
    "\n",
    "    return t"
   ]
  },
  {
   "cell_type": "code",
   "execution_count": 6,
   "metadata": {},
   "outputs": [
    {
     "name": "stdout",
     "output_type": "stream",
     "text": [
      "[[ 9.19641780e-01 -2.77729827e-01  2.77714133e-01 -2.10653169e+00]\n",
      " [-3.92758189e-01 -6.50363258e-01  6.50206612e-01  1.54082194e+00]\n",
      " [ 3.32983871e-05 -7.07031666e-01 -7.07181888e-01 -2.00025410e+00]\n",
      " [ 0.00000000e+00  0.00000000e+00  0.00000000e+00  1.00000000e+00]]\n",
      "[[ 9.19270925e-01 -2.78340446e-01  2.78329952e-01 -2.10463783e+00]\n",
      " [-3.93625411e-01 -6.50117345e-01  6.49928052e-01  1.54277032e+00]\n",
      " [ 4.58657626e-05 -7.07017704e-01 -7.07195846e-01 -2.00029768e+00]\n",
      " [ 0.00000000e+00  0.00000000e+00  0.00000000e+00  1.00000000e+00]]\n",
      "[[ 9.87222071e-01 -1.12687101e-01  1.12668543e-01 -2.41580260e+00]\n",
      " [-1.59350504e-01 -6.98137486e-01  6.98005349e-01  9.87368882e-01]\n",
      " [ 1.93418063e-06 -7.07040075e-01 -7.07173481e-01 -2.00016734e+00]\n",
      " [ 0.00000000e+00  0.00000000e+00  0.00000000e+00  1.00000000e+00]]\n",
      "[[ 9.97006015e-01  5.46737225e-02 -5.46789793e-02 -2.58033344e+00]\n",
      " [ 7.73240363e-02 -7.05059870e-01  7.04919551e-01  3.91467053e-01]\n",
      " [-1.13781110e-05 -7.07037032e-01 -7.07176524e-01 -2.00013604e+00]\n",
      " [ 0.00000000e+00  0.00000000e+00  0.00000000e+00  1.00000000e+00]]\n"
     ]
    },
    {
     "name": "stdout",
     "output_type": "stream",
     "text": [
      "[[ 9.46147505e-01  2.28901645e-01 -2.28929979e-01 -2.59727959e+00]\n",
      " [ 3.23735841e-01 -6.69112676e-01  6.68941950e-01 -2.65122984e-01]\n",
      " [-5.80377749e-05 -7.07030597e-01 -7.07182955e-01 -2.00002278e+00]\n",
      " [ 0.00000000e+00  0.00000000e+00  0.00000000e+00  1.00000000e+00]]\n",
      "[[ 8.19457301e-01  4.05275845e-01 -4.05266852e-01 -2.42243931e+00]\n",
      " [ 5.73140235e-01 -5.79519245e-01  5.79368376e-01 -9.74173567e-01]\n",
      " [-5.59319748e-05 -7.07042384e-01 -7.07171170e-01 -2.00001831e+00]\n",
      " [ 0.00000000e+00  0.00000000e+00  0.00000000e+00  1.00000000e+00]]\n",
      "[[ 6.57144039e-01  5.32981790e-01 -5.33002929e-01 -2.11634895e+00]\n",
      " [ 7.53765021e-01 -4.64728801e-01  4.64613210e-01 -1.52926783e+00]\n",
      " [-7.14318057e-05 -7.07076765e-01 -7.07136792e-01 -1.99995020e+00]\n",
      " [ 0.00000000e+00  0.00000000e+00  0.00000000e+00  1.00000000e+00]]\n",
      "[[ 4.47149337e-01  6.32472718e-01 -6.32483779e-01 -1.66636443e+00]\n",
      " [ 8.94459312e-01 -3.16258482e-01  3.16106173e-01 -2.01134668e+00]\n",
      " [-9.98292240e-05 -7.07077671e-01 -7.07135883e-01 -1.99987720e+00]\n",
      " [ 0.00000000e+00  0.00000000e+00  0.00000000e+00  1.00000000e+00]]\n",
      "[[ 2.19458884e-01  6.89858460e-01 -6.89879050e-01 -1.13507716e+00]\n",
      " [ 9.75621745e-01 -1.55245350e-01  1.55116381e-01 -2.35234123e+00]\n",
      " [-9.21670096e-05 -7.07102670e-01 -7.07110886e-01 -1.99987580e+00]\n",
      " [ 0.00000000e+00  0.00000000e+00  0.00000000e+00  1.00000000e+00]]\n",
      "[[-3.64291707e-02  7.06652174e-01 -7.06622686e-01 -4.99056215e-01]\n",
      " [ 9.99336231e-01  2.56777844e-02 -2.58408460e-02 -2.56415806e+00]\n",
      " [-1.15984952e-04 -7.07095012e-01 -7.07118540e-01 -1.99982162e+00]\n",
      " [ 0.00000000e+00  0.00000000e+00  0.00000000e+00  1.00000000e+00]]\n",
      "[[-2.86760675e-01  6.77413458e-01 -6.77406320e-01  1.62506616e-01]\n",
      " [ 9.58002244e-01  2.02680898e-01 -2.02859935e-01 -2.60723231e+00]\n",
      " [-1.22729227e-04 -7.07129027e-01 -7.07084525e-01 -1.99977597e+00]\n",
      " [ 0.00000000e+00  0.00000000e+00  0.00000000e+00  1.00000000e+00]]\n",
      "[[-4.95195552e-01  6.14325633e-01 -6.14317004e-01  7.45640173e-01]\n",
      " [ 8.68781532e-01  3.50059918e-01 -3.50252343e-01 -2.50361764e+00]\n",
      " [-1.21232560e-04 -7.07150670e-01 -7.07062879e-01 -1.99976166e+00]\n",
      " [ 0.00000000e+00  0.00000000e+00  0.00000000e+00  1.00000000e+00]]\n",
      "[[-7.08036864e-01  4.99338446e-01 -4.99344485e-01  1.38242041e+00]\n",
      " [ 7.06175469e-01  5.00578904e-01 -5.00736426e-01 -2.21607706e+00]\n",
      " [-7.56340955e-05 -7.07164674e-01 -7.07048879e-01 -1.99986593e+00]\n",
      " [ 0.00000000e+00  0.00000000e+00  0.00000000e+00  1.00000000e+00]]\n",
      "[[-8.70497392e-01  3.48024556e-01 -3.48013217e-01  1.92256659e+00]\n",
      " [ 4.92173024e-01  6.15443962e-01 -6.15625247e-01 -1.76799267e+00]\n",
      " [-7.00699385e-05 -7.07182889e-01 -7.07030662e-01 -1.99986482e+00]\n",
      " [ 0.00000000e+00  0.00000000e+00  0.00000000e+00  1.00000000e+00]]\n",
      "[[-9.60735115e-01  1.96178551e-01 -1.96219305e-01  2.27816383e+00]\n",
      " [ 2.77467186e-01  6.79267948e-01 -6.79416673e-01 -1.27549703e+00]\n",
      " [-1.49337079e-06 -7.07183874e-01 -7.07029680e-01 -2.00003839e+00]\n",
      " [ 0.00000000e+00  0.00000000e+00  0.00000000e+00  1.00000000e+00]]\n",
      "[[-9.98428425e-01  3.96187381e-02 -3.96362878e-02  2.50555338e+00]\n",
      " [ 5.60417674e-02  7.05905574e-01 -7.06085435e-01 -7.34872533e-01]\n",
      " [ 5.26252032e-06 -7.07197056e-01 -7.07016495e-01 -2.00004451e+00]\n",
      " [ 0.00000000e+00  0.00000000e+00  0.00000000e+00  1.00000000e+00]]\n",
      "[[-9.70449140e-01 -1.70617831e-01  1.70640037e-01  2.61015306e+00]\n",
      " [-2.41305752e-01  6.86124895e-01 -6.86297430e-01  3.77887265e-02]\n",
      " [ 1.42015504e-05 -7.07193174e-01 -7.07020378e-01 -2.00007051e+00]\n",
      " [ 0.00000000e+00  0.00000000e+00  0.00000000e+00  1.00000000e+00]]\n",
      "[[-8.88794701e-01 -3.24058458e-01  3.24083469e-01  2.53111548e+00]\n",
      " [-4.58305550e-01  6.28377459e-01 -6.28568049e-01  6.37804349e-01]\n",
      " [ 4.60453231e-05 -7.07197204e-01 -7.07016346e-01 -2.00014807e+00]\n",
      " [ 0.00000000e+00  0.00000000e+00  0.00000000e+00  1.00000000e+00]]\n",
      "[[-7.43422741e-01 -4.72918968e-01  4.72937921e-01  2.28626254e+00]\n",
      " [-6.68821817e-01  5.25597352e-01 -5.25761163e-01  1.25922879e+00]\n",
      " [ 6.75075806e-05 -7.07174004e-01 -7.07039548e-01 -2.00022210e+00]\n",
      " [ 0.00000000e+00  0.00000000e+00  0.00000000e+00  1.00000000e+00]]\n",
      "[[-5.32801356e-01 -5.98331109e-01  5.98433454e-01  1.85499761e+00]\n",
      " [-8.46240338e-01  3.76653460e-01 -3.76841428e-01  1.83477172e+00]\n",
      " [ 7.39186121e-05 -7.07200152e-01 -7.07013394e-01 -2.00021651e+00]\n",
      " [ 0.00000000e+00  0.00000000e+00  0.00000000e+00  1.00000000e+00]]\n",
      "[[-3.37499734e-01 -6.65620623e-01  6.65614840e-01  1.41491834e+00]\n",
      " [-9.41325618e-01  2.38570018e-01 -2.38726681e-01  2.19208776e+00]\n",
      " [ 1.05657498e-04 -7.07130492e-01 -7.07083062e-01 -2.00035550e+00]\n",
      " [ 0.00000000e+00  0.00000000e+00  0.00000000e+00  1.00000000e+00]]\n",
      "[[-8.89889627e-02 -7.04304470e-01  7.04298359e-01  8.14822560e-01]\n",
      " [-9.96032606e-01  6.28456652e-02 -6.30037326e-02  2.47811438e+00]\n",
      " [ 1.11711607e-04 -7.07110766e-01 -7.07102787e-01 -2.00038738e+00]\n",
      " [ 0.00000000e+00  0.00000000e+00  0.00000000e+00  1.00000000e+00]]\n",
      "[[ 1.71583686e-01 -6.96602034e-01  6.96638102e-01  1.46178330e-01]\n",
      " [-9.85169543e-01 -1.21400456e-01  1.21255522e-01  2.60451082e+00]\n",
      " [ 1.05340598e-04 -7.07112110e-01 -7.07101445e-01 -2.00037007e+00]\n",
      " [ 0.00000000e+00  0.00000000e+00  0.00000000e+00  1.00000000e+00]]\n",
      "[[ 3.98031188e-01 -6.48664913e-01  6.48694846e-01 -4.69345743e-01]\n",
      " [-9.17371878e-01 -2.81520639e-01  2.81380465e-01  2.56609705e+00]\n",
      " [ 9.93528213e-05 -7.07092611e-01 -7.07120944e-01 -2.00037115e+00]\n",
      " [ 0.00000000e+00  0.00000000e+00  0.00000000e+00  1.00000000e+00]]\n",
      "[[ 6.17160087e-01 -5.56365670e-01  5.56390751e-01 -1.10431239e+00]\n",
      " [-7.86837608e-01 -4.36460040e-01  4.36336123e-01  2.36366132e+00]\n",
      " [ 7.98902158e-05 -7.07078407e-01 -7.07135149e-01 -2.00033356e+00]\n",
      " [ 0.00000000e+00  0.00000000e+00  0.00000000e+00  1.00000000e+00]]\n",
      "[[ 9.26114572e-01 -2.66742391e-01  2.66758875e-01 -2.18358568e+00]\n",
      " [-3.77242358e-01 -6.54946708e-01  6.54777071e-01  2.59369846e+00]\n",
      " [ 5.60453648e-05 -7.07031334e-01 -7.07182218e-01 -2.00043579e+00]\n",
      " [ 0.00000000e+00  0.00000000e+00  0.00000000e+00  1.00000000e+00]]\n",
      "[[ 9.26039298e-01 -2.66856801e-01  2.66905726e-01 -2.18318938e+00]\n",
      " [-3.77427094e-01 -6.54905071e-01  6.54712255e-01  2.59412642e+00]\n",
      " [ 8.34953966e-05 -7.07026729e-01 -7.07186819e-01 -2.00052842e+00]\n",
      " [ 0.00000000e+00  0.00000000e+00  0.00000000e+00  1.00000000e+00]]\n",
      "[[ 9.88939845e-01 -1.04864297e-01  1.04887853e-01 -2.73423282e+00]\n",
      " [-1.48317166e-01 -6.99343144e-01  6.99228993e-01  2.00591167e+00]\n",
      " [ 2.84442333e-05 -7.07052081e-01 -7.07161476e-01 -2.00030664e+00]\n",
      " [ 0.00000000e+00  0.00000000e+00  0.00000000e+00  1.00000000e+00]]\n",
      "[[ 9.92915850e-01  8.40294665e-02 -8.40069209e-02 -3.16829946e+00]\n",
      " [ 1.18819670e-01 -7.02162189e-01  7.02032867e-01  1.21027522e+00]\n",
      " [ 4.96379798e-06 -7.07041236e-01 -7.07172320e-01 -2.00026037e+00]\n",
      " [ 0.00000000e+00  0.00000000e+00  0.00000000e+00  1.00000000e+00]]\n",
      "[[ 9.37805978e-01  2.45606694e-01 -2.45351378e-01 -3.36339164e+00]\n",
      " [ 3.47159816e-01 -6.63277839e-01  6.62980068e-01  4.37506937e-01]\n",
      " [ 9.62110513e-05 -7.06922811e-01 -7.07290697e-01 -2.00079858e+00]\n",
      " [ 0.00000000e+00  0.00000000e+00  0.00000000e+00  1.00000000e+00]]\n",
      "[[ 8.17386855e-01  4.07348653e-01 -4.07364462e-01 -3.36350937e+00]\n",
      " [ 5.76089162e-01 -5.78077571e-01  5.77881995e-01 -4.39775254e-01]\n",
      " [-8.88059120e-05 -7.07031397e-01 -7.07182151e-01 -2.00000078e+00]\n",
      " [ 0.00000000e+00  0.00000000e+00  0.00000000e+00  1.00000000e+00]]\n",
      "[[ 6.68364731e-01  5.25986160e-01 -5.25953558e-01 -3.18132839e+00]\n",
      " [ 7.43833704e-01 -4.72697375e-01  4.72513081e-01 -1.17863739e+00]\n",
      " [-8.15253685e-05 -7.07033062e-01 -7.07180488e-01 -2.00001893e+00]\n",
      " [ 0.00000000e+00  0.00000000e+00  0.00000000e+00  1.00000000e+00]]\n",
      "[[ 4.60189444e-01  6.27822515e-01 -6.27745622e-01 -2.78387992e+00]\n",
      " [ 8.87820741e-01 -3.25490858e-01  3.25315283e-01 -1.93971448e+00]\n",
      " [-8.52018615e-05 -7.07032242e-01 -7.07181307e-01 -2.00000973e+00]\n",
      " [ 0.00000000e+00  0.00000000e+00  0.00000000e+00  1.00000000e+00]]\n",
      "[[ 1.99915482e-01  6.92858354e-01 -6.92806684e-01 -2.14807815e+00]\n",
      " [ 9.79813140e-01 -1.41438784e-01  1.41284395e-01 -2.62702598e+00]\n",
      " [-9.96617344e-05 -7.07066031e-01 -7.07147522e-01 -1.99989086e+00]\n",
      " [ 0.00000000e+00  0.00000000e+00  0.00000000e+00  1.00000000e+00]]\n",
      "[[-3.76639470e-02  7.06644346e-01 -7.06565776e-01 -1.46517859e+00]\n",
      " [ 9.99290456e-01  2.65601368e-02 -2.67047357e-02 -3.06078264e+00]\n",
      " [-1.04266871e-04 -7.07070242e-01 -7.07143311e-01 -1.99986762e+00]\n",
      " [ 0.00000000e+00  0.00000000e+00  0.00000000e+00  1.00000000e+00]]\n",
      "[[-2.82056191e-01  6.78420772e-01 -6.78372730e-01 -6.68376666e-01]\n",
      " [ 9.59397878e-01  1.99353592e-01 -1.99534102e-01 -3.32703675e+00]\n",
      " [-1.32039074e-04 -7.07109187e-01 -7.07104363e-01 -1.99969722e+00]\n",
      " [ 0.00000000e+00  0.00000000e+00  0.00000000e+00  1.00000000e+00]]\n",
      "[[-5.19607099e-01  6.04157612e-01 -6.04153989e-01  2.09825994e-01]\n",
      " [ 8.54405321e-01  3.67335128e-01 -3.67500274e-01 -3.38712343e+00]\n",
      " [-1.01105034e-04 -7.07148134e-01 -7.07065419e-01 -1.99970308e+00]\n",
      " [ 0.00000000e+00  0.00000000e+00  0.00000000e+00  1.00000000e+00]]\n",
      "[[-7.16369410e-01  4.93384862e-01 -4.93341916e-01  1.04784166e+00]\n",
      " [ 6.97721188e-01  5.06460141e-01 -5.06639190e-01 -3.22770824e+00]\n",
      " [-1.10090267e-04 -7.07155925e-01 -7.07057625e-01 -1.99965867e+00]\n",
      " [ 0.00000000e+00  0.00000000e+00  0.00000000e+00  1.00000000e+00]]\n",
      "[[-8.66515306e-01  3.52988799e-01 -3.52916608e-01  1.81268921e+00]\n",
      " [ 4.99150495e-01  6.12657375e-01 -6.12780323e-01 -2.86880773e+00]\n",
      " [-8.76275130e-05 -7.07142029e-01 -7.07071526e-01 -1.99975720e+00]\n",
      " [ 0.00000000e+00  0.00000000e+00  0.00000000e+00  1.00000000e+00]]\n",
      "[[-9.63357236e-01  1.89684690e-01 -1.89637956e-01  2.46803610e+00]\n",
      " [ 2.68221611e-01  6.81124906e-01 -6.81267958e-01 -2.32860456e+00]\n",
      " [-5.89660630e-05 -7.07169415e-01 -7.07044140e-01 -1.99978203e+00]\n",
      " [ 0.00000000e+00  0.00000000e+00  0.00000000e+00  1.00000000e+00]]\n",
      "[[-9.99494816e-01  2.24888816e-02 -2.24580136e-02  2.94982029e+00]\n",
      " [ 3.17822519e-02  7.06672507e-01 -7.06826610e-01 -1.67599642e+00]\n",
      " [-2.52792007e-05 -7.07183299e-01 -7.07030254e-01 -1.99985211e+00]\n",
      " [ 0.00000000e+00  0.00000000e+00  0.00000000e+00  1.00000000e+00]]\n",
      "[[-9.68058927e-01 -1.77262614e-01  1.77312940e-01  3.30168996e+00]\n",
      " [-2.50722781e-01  6.84457940e-01 -6.84584119e-01 -7.78350120e-01]\n",
      " [-1.20795209e-05 -7.07174161e-01 -7.07039395e-01 -1.99991217e+00]\n",
      " [ 0.00000000e+00  0.00000000e+00  0.00000000e+00  1.00000000e+00]]\n",
      "[[-8.86763553e-01 -3.26817741e-01  3.26864750e-01  3.39169157e+00]\n",
      " [-4.62223323e-01  6.26950017e-01 -6.27123015e-01 -1.51987015e-02]\n",
      " [ 2.70666258e-05 -7.07194344e-01 -7.07019207e-01 -1.99998451e+00]\n",
      " [ 0.00000000e+00  0.00000000e+00  0.00000000e+00  1.00000000e+00]]\n",
      "[[-7.11027824e-01 -4.97203953e-01  4.97219934e-01  3.24536615e+00]\n",
      " [-7.03163870e-01  5.02690541e-01 -5.02854642e-01  9.85657073e-01]\n",
      " [ 7.35582270e-05 -7.07170735e-01 -7.07042818e-01 -2.00017681e+00]\n",
      " [ 0.00000000e+00  0.00000000e+00  0.00000000e+00  1.00000000e+00]]\n",
      "[[-5.50912617e-01 -5.90105048e-01  5.90145170e-01  2.97231659e+00]\n",
      " [-8.34562929e-01  3.89473976e-01 -3.89634110e-01  1.63310787e+00]\n",
      " [ 7.88690853e-05 -7.07167628e-01 -7.07045924e-01 -2.00019970e+00]\n",
      " [ 0.00000000e+00  0.00000000e+00  0.00000000e+00  1.00000000e+00]]\n",
      "[[-3.25346039e-01 -6.68613319e-01  6.68659992e-01  2.47020060e+00]\n",
      " [-9.45595023e-01  2.29981762e-01 -2.30127012e-01  2.32273068e+00]\n",
      " [ 8.63826340e-05 -7.07152472e-01 -7.07061082e-01 -2.00025613e+00]\n",
      " [ 0.00000000e+00  0.00000000e+00  0.00000000e+00  1.00000000e+00]]\n",
      "[[-9.60938336e-02 -7.03794944e-01  7.03874031e-01  1.86064001e+00]\n",
      " [-9.95372274e-01  6.78677267e-02 -6.80294664e-02  2.83422442e+00]\n",
      " [ 1.08464146e-04 -7.07153907e-01 -7.07059644e-01 -2.00031917e+00]\n",
      " [ 0.00000000e+00  0.00000000e+00  0.00000000e+00  1.00000000e+00]]\n",
      "[[ 1.72230737e-01 -6.96521945e-01  6.96558507e-01  1.03887012e+00]\n",
      " [-9.85056631e-01 -1.21842662e-01  1.21728385e-01  3.22712157e+00]\n",
      " [ 8.40509049e-05 -7.07114945e-01 -7.07098612e-01 -2.00033297e+00]\n",
      " [ 0.00000000e+00  0.00000000e+00  0.00000000e+00  1.00000000e+00]]\n",
      "[[ 4.26017967e-01 -6.39695674e-01  6.39764126e-01  1.50670471e-01]\n",
      " [-9.04714690e-01 -3.01338705e-01  3.01141686e-01  3.38674878e+00]\n",
      " [ 1.46659409e-04 -7.07095772e-01 -7.07117775e-01 -2.00056360e+00]\n",
      " [ 0.00000000e+00  0.00000000e+00  0.00000000e+00  1.00000000e+00]]\n",
      "[[ 6.16142336e-01 -5.56915305e-01  5.56968549e-01 -6.04870980e-01]\n",
      " [-7.87634823e-01 -4.35738305e-01  4.35618544e-01  3.33583188e+00]\n",
      " [ 8.98977278e-05 -7.07090852e-01 -7.07122705e-01 -2.00040432e+00]\n",
      " [ 0.00000000e+00  0.00000000e+00  0.00000000e+00  1.00000000e+00]]\n",
      "[[ 9.25422532e-01 -2.67920931e-01  2.67976700e-01 -2.63198674e+00]\n",
      " [-3.78936846e-01 -6.54424324e-01  6.54320770e-01  3.48147318e+00]\n",
      " [ 6.42408617e-05 -7.07069430e-01 -7.07144128e-01 -2.00041885e+00]\n",
      " [ 0.00000000e+00  0.00000000e+00  0.00000000e+00  1.00000000e+00]]\n",
      "[[ 9.25086969e-01 -2.68499579e-01  2.68555537e-01 -2.62923050e+00]\n",
      " [-3.79755310e-01 -6.54187341e-01  6.54083196e-01  3.48380979e+00]\n",
      " [ 6.45699240e-05 -7.07069232e-01 -7.07144325e-01 -2.00042071e+00]\n",
      " [ 0.00000000e+00  0.00000000e+00  0.00000000e+00  1.00000000e+00]]\n",
      "[[ 9.90239089e-01 -9.85299788e-02  9.85818942e-02 -3.40866711e+00]\n",
      " [-1.39379139e-01 -7.00252570e-01  7.00156978e-01  2.72605200e+00]\n",
      " [ 4.57725399e-05 -7.07063068e-01 -7.07150490e-01 -2.00036951e+00]\n",
      " [ 0.00000000e+00  0.00000000e+00  0.00000000e+00  1.00000000e+00]]\n",
      "[[ 9.89089022e-01  1.04189050e-01 -1.04151560e-01 -4.04236298e+00]\n",
      " [ 1.47319060e-01 -6.99444048e-01  6.99339058e-01  1.64677077e+00]\n",
      " [ 1.52830560e-05 -7.07052095e-01 -7.07161463e-01 -2.00028953e+00]\n",
      " [ 0.00000000e+00  0.00000000e+00  0.00000000e+00  1.00000000e+00]]\n",
      "[[ 9.39499654e-01  2.42250586e-01 -2.42188056e-01 -4.29027046e+00]\n",
      " [ 3.42549851e-01 -6.64392369e-01  6.64260777e-01  8.03177990e-01]\n",
      " [ 9.66626097e-06 -7.07034252e-01 -7.07179303e-01 -2.00032455e+00]\n",
      " [ 0.00000000e+00  0.00000000e+00  0.00000000e+00  1.00000000e+00]]\n",
      "[[ 8.24258555e-01  4.00387432e-01 -4.00359512e-01 -4.35451959e+00]\n",
      " [ 5.66213594e-01 -5.82895236e-01  5.82782387e-01 -2.93051511e-01]\n",
      " [-2.89083955e-05 -7.07052366e-01 -7.07161191e-01 -2.00012271e+00]\n",
      " [ 0.00000000e+00  0.00000000e+00  0.00000000e+00  1.00000000e+00]]\n",
      "[[ 6.55992372e-01  5.33736241e-01 -5.33666218e-01 -4.14213700e+00]\n",
      " [ 7.54767518e-01 -4.63915353e-01  4.63797950e-01 -1.37537639e+00]\n",
      " [-3.01769016e-05 -7.07041845e-01 -7.07171711e-01 -2.00015104e+00]\n",
      " [ 0.00000000e+00  0.00000000e+00  0.00000000e+00  1.00000000e+00]]\n",
      "[[ 4.49610332e-01  6.31644125e-01 -6.31566503e-01 -3.67527939e+00]\n",
      " [ 8.93224803e-01 -3.17961572e-01  3.17883454e-01 -2.35436948e+00]\n",
      " [-2.46621870e-05 -7.07054551e-01 -7.07159008e-01 -2.00013180e+00]\n",
      " [ 0.00000000e+00  0.00000000e+00  0.00000000e+00  1.00000000e+00]]\n",
      "[[ 2.13682121e-01  6.90792291e-01 -6.90757528e-01 -2.97517002e+00]\n",
      " [ 9.76903243e-01 -1.51152823e-01  1.51039327e-01 -3.19344595e+00]\n",
      " [-7.31473428e-05 -7.07077673e-01 -7.07135885e-01 -1.99987698e+00]\n",
      " [ 0.00000000e+00  0.00000000e+00  0.00000000e+00  1.00000000e+00]]\n",
      "[[-3.19776863e-02  7.06775434e-01 -7.06714875e-01 -2.10307270e+00]\n",
      " [ 9.99488579e-01  2.25516818e-02 -2.26716009e-02 -3.82465603e+00]\n",
      " [-8.61215441e-05 -7.07078431e-01 -7.07135125e-01 -1.99982587e+00]\n",
      " [ 0.00000000e+00  0.00000000e+00  0.00000000e+00  1.00000000e+00]]\n",
      "[[-2.84966086e-01  6.77826160e-01 -6.77750711e-01 -1.06220983e+00]\n",
      " [ 9.58537594e-01  2.01439697e-01 -2.01563213e-01 -4.23367869e+00]\n",
      " [-9.89204348e-05 -7.07088216e-01 -7.07125339e-01 -1.99974703e+00]\n",
      " [ 0.00000000e+00  0.00000000e+00  0.00000000e+00  1.00000000e+00]]\n",
      "[[-5.05473467e-01  6.10128989e-01 -6.10114080e-01 -2.14114022e-02]\n",
      " [ 8.62842144e-01  3.57350723e-01 -3.57496708e-01 -4.36492179e+00]\n",
      " [-9.43968996e-05 -7.07137241e-01 -7.07076313e-01 -1.99960977e+00]\n",
      " [ 0.00000000e+00  0.00000000e+00  0.00000000e+00  1.00000000e+00]]\n",
      "[[-7.07078138e-01  5.00033384e-01 -5.00007122e-01  1.08270704e+00]\n",
      " [ 7.07135418e-01  4.99907522e-01 -5.00051967e-01 -4.22854065e+00]\n",
      " [-8.53555547e-05 -7.07148559e-01 -7.07064996e-01 -1.99960814e+00]\n",
      " [ 0.00000000e+00  0.00000000e+00  0.00000000e+00  1.00000000e+00]]\n",
      "[[-8.59447175e-01  3.61497361e-01 -3.61483350e-01  2.09011896e+00]\n",
      " [ 5.11224560e-01  6.07652344e-01 -6.07789501e-01 -3.83174215e+00]\n",
      " [-5.80961364e-05 -7.07162136e-01 -7.07051419e-01 -1.99966780e+00]\n",
      " [ 0.00000000e+00  0.00000000e+00  0.00000000e+00  1.00000000e+00]]\n",
      "[[-9.57017245e-01  2.05090056e-01 -2.05075746e-01  2.94898722e+00]\n",
      " [ 2.90031017e-01  6.76627855e-01 -6.76798903e-01 -3.21824146e+00]\n",
      " [-4.47630892e-05 -7.07186548e-01 -7.07027004e-01 -1.99964106e+00]\n",
      " [ 0.00000000e+00  0.00000000e+00  0.00000000e+00  1.00000000e+00]]\n",
      "[[-9.99603527e-01  1.99251625e-02 -1.98941500e-02  3.69194100e+00]\n",
      " [ 2.81565042e-02  7.06774489e-01 -7.06878372e-01 -2.32931965e+00]\n",
      " [-2.39887301e-05 -7.07158263e-01 -7.07055295e-01 -1.99980808e+00]\n",
      " [ 0.00000000e+00  0.00000000e+00  0.00000000e+00  1.00000000e+00]]\n",
      "[[-9.72605501e-01 -1.64347304e-01  1.64403475e-01  4.17003766e+00]\n",
      " [-2.32461907e-01  6.87681827e-01 -6.87790060e-01 -1.29039774e+00]\n",
      " [-2.08399407e-05 -7.07165941e-01 -7.07047616e-01 -1.99979575e+00]\n",
      " [ 0.00000000e+00  0.00000000e+00  0.00000000e+00  1.00000000e+00]]\n",
      "[[-8.90271453e-01 -3.22047095e-01  3.22028584e-01  4.35638250e+00]\n",
      " [-4.55430277e-01  6.29447802e-01 -6.29586156e-01 -2.69934591e-01]\n",
      " [ 5.62083413e-05 -7.07164149e-01 -7.07049407e-01 -2.00009075e+00]\n",
      " [ 0.00000000e+00  0.00000000e+00  0.00000000e+00  1.00000000e+00]]\n",
      "[[-7.38401367e-01 -4.76819825e-01  4.76871341e-01  4.27314346e+00]\n",
      " [-6.74361491e-01  5.22076167e-01 -5.22181055e-01  8.90089631e-01]\n",
      " [ 2.31171349e-05 -7.07162874e-01 -7.07050684e-01 -1.99997049e+00]\n",
      " [ 0.00000000e+00  0.00000000e+00  0.00000000e+00  1.00000000e+00]]\n",
      "[[-5.32862818e-01 -5.98325238e-01  5.98384598e-01  3.88407691e+00]\n",
      " [-8.46201639e-01  3.76724877e-01 -3.76856940e-01  1.99276342e+00]\n",
      " [ 5.66543802e-05 -7.07167079e-01 -7.07046476e-01 -2.00008321e+00]\n",
      " [ 0.00000000e+00  0.00000000e+00  0.00000000e+00  1.00000000e+00]]\n",
      "[[-3.42632707e-01 -6.64273722e-01  6.64336700e-01  3.37643256e+00]\n",
      " [-9.39469437e-01  2.42212018e-01 -2.42343797e-01  2.76622563e+00]\n",
      " [ 7.22830597e-05 -7.07158936e-01 -7.07054619e-01 -2.00016754e+00]\n",
      " [ 0.00000000e+00  0.00000000e+00  0.00000000e+00  1.00000000e+00]]\n",
      "[[-8.74022719e-02 -7.04344820e-01  7.04456682e-01  2.54421448e+00]\n",
      " [-9.96173097e-01  6.17518782e-02 -6.18535922e-02  3.54687499e+00]\n",
      " [ 6.47340183e-05 -7.07166939e-01 -7.07046615e-01 -2.00011401e+00]\n",
      " [ 0.00000000e+00  0.00000000e+00  0.00000000e+00  1.00000000e+00]]\n",
      "[[ 1.76205528e-01 -6.96013703e-01  6.96072221e-01  1.52832533e+00]\n",
      " [-9.84353397e-01 -1.24623700e-01  1.24568550e-01  4.08898315e+00]\n",
      " [ 4.56779970e-05 -7.07130722e-01 -7.07082838e-01 -2.00015637e+00]\n",
      " [ 0.00000000e+00  0.00000000e+00  0.00000000e+00  1.00000000e+00]]\n",
      "[[ 3.99497891e-01 -6.48216070e-01  6.48241746e-01  5.38992350e-01]\n",
      " [-9.16734112e-01 -2.82525122e-01  2.82450215e-01  4.33177007e+00]\n",
      " [ 5.58097496e-05 -7.07103586e-01 -7.07109974e-01 -2.00027981e+00]\n",
      " [ 0.00000000e+00  0.00000000e+00  0.00000000e+00  1.00000000e+00]]\n",
      "[[ 6.24390840e-01 -5.52292323e-01  5.52366970e-01 -6.07574874e-01]\n",
      " [-7.81112073e-01 -4.41564309e-01  4.41457688e-01  4.32259288e+00]\n",
      " [ 9.18466772e-05 -7.07102646e-01 -7.07110911e-01 -2.00041811e+00]\n",
      " [ 0.00000000e+00  0.00000000e+00  0.00000000e+00  1.00000000e+00]]\n",
      "[[ 9.26377599e-01 -2.66248252e-01  2.66338904e-01 -3.32271673e+00]\n",
      " [-3.76595986e-01 -6.55093714e-01  6.55002053e-01  3.42723701e+00]\n",
      " [ 8.37902889e-05 -7.07081391e-01 -7.07132165e-01 -2.00047744e+00]\n",
      " [ 0.00000000e+00  0.00000000e+00  0.00000000e+00  1.00000000e+00]]\n",
      "[[ 9.26392208e-01 -2.66231458e-01  2.66304878e-01 -3.32302729e+00]\n",
      " [-3.76560050e-01 -6.55117803e-01  6.54998620e-01  3.42707662e+00]\n",
      " [ 7.98288903e-05 -7.07065396e-01 -7.07148159e-01 -2.00050364e+00]\n",
      " [ 0.00000000e+00  0.00000000e+00  0.00000000e+00  1.00000000e+00]]\n",
      "[[ 9.87072979e-01 -1.13324172e-01  1.13333871e-01 -4.00443291e+00]\n",
      " [-1.60271438e-01 -6.98011831e-01  6.97920160e-01  2.59884499e+00]\n",
      " [ 1.71587377e-05 -7.07062314e-01 -7.07151246e-01 -2.00023821e+00]\n",
      " [ 0.00000000e+00  0.00000000e+00  0.00000000e+00  1.00000000e+00]]\n",
      "[[ 9.94681060e-01  7.28620968e-02 -7.28059345e-02 -4.54419169e+00]\n",
      " [ 1.03002855e-01 -7.03388550e-01  7.03302893e-01  1.46315435e+00]\n",
      " [ 3.32627983e-05 -7.07061286e-01 -7.07152272e-01 -2.00031137e+00]\n",
      " [ 0.00000000e+00  0.00000000e+00  0.00000000e+00  1.00000000e+00]]\n",
      "[[ 9.38528211e-01  2.44119822e-01 -2.44070296e-01 -4.76515139e+00]\n",
      " [ 3.45202545e-01 -6.63688117e-01  6.63591204e-01  2.96828678e-01]\n",
      " [ 9.21174561e-06 -7.07052753e-01 -7.07160805e-01 -2.00022949e+00]\n",
      " [ 0.00000000e+00  0.00000000e+00  0.00000000e+00  1.00000000e+00]]\n",
      "[[ 8.11830132e-01  4.12897226e-01 -4.12853142e-01 -4.67111079e+00]\n",
      " [ 5.83893686e-01 -5.74086289e-01  5.74014893e-01 -9.89939605e-01]\n",
      " [-4.17073996e-06 -7.07064929e-01 -7.07148631e-01 -2.00013790e+00]\n",
      " [ 0.00000000e+00  0.00000000e+00  0.00000000e+00  1.00000000e+00]]\n",
      "[[ 6.40127998e-01  5.43264624e-01 -5.43230792e-01 -4.27573045e+00]\n",
      " [ 7.68268277e-01 -4.52677311e-01  4.52600384e-01 -2.12605247e+00]\n",
      " [-2.64768776e-05 -7.07069162e-01 -7.07144398e-01 -2.00002890e+00]\n",
      " [ 0.00000000e+00  0.00000000e+00  0.00000000e+00  1.00000000e+00]]\n",
      "[[ 4.52646398e-01  6.30555495e-01 -6.30484739e-01 -3.69392463e+00]\n",
      " [ 8.91690101e-01 -3.20120094e-01  3.20018576e-01 -3.02621362e+00]\n",
      " [-4.13618597e-05 -7.07052256e-01 -7.07161301e-01 -2.00000984e+00]\n",
      " [ 0.00000000e+00  0.00000000e+00  0.00000000e+00  1.00000000e+00]]\n",
      "[[ 2.14646959e-01  6.90648456e-01 -6.90602196e-01 -2.81743099e+00]\n",
      " [ 9.76691703e-01 -1.51794167e-01  1.51762473e-01 -3.85557138e+00]\n",
      " [-1.48680358e-05 -7.07080789e-01 -7.07132773e-01 -2.00004800e+00]\n",
      " [ 0.00000000e+00  0.00000000e+00  0.00000000e+00  1.00000000e+00]]\n",
      "[[-3.25629901e-02  7.06760840e-01 -7.06702743e-01 -1.78124743e+00]\n",
      " [ 9.99469683e-01  2.29787252e-02 -2.30723007e-02 -4.43093463e+00]\n",
      " [-6.74704713e-05 -7.07079270e-01 -7.07134288e-01 -1.99982224e+00]\n",
      " [ 0.00000000e+00  0.00000000e+00  0.00000000e+00  1.00000000e+00]]\n",
      "[[-2.80207201e-01  6.78803454e-01 -6.78756065e-01 -6.23261238e-01]\n",
      " [ 9.59939541e-01  1.98104911e-01 -1.98167915e-01 -4.73479748e+00]\n",
      " [-5.21554115e-05 -7.07092862e-01 -7.07120698e-01 -1.99985219e+00]\n",
      " [ 0.00000000e+00  0.00000000e+00  0.00000000e+00  1.00000000e+00]]\n",
      "[[-5.24414146e-01  6.02096289e-01 -6.02054700e-01  6.52511247e-01]\n",
      " [ 8.51463328e-01  3.70770401e-01 -3.70863198e-01 -4.73091225e+00]\n",
      " [-7.12926592e-05 -7.07113406e-01 -7.07100153e-01 -1.99971262e+00]\n",
      " [ 0.00000000e+00  0.00000000e+00  0.00000000e+00  1.00000000e+00]]\n",
      "[[-7.11256470e-01  4.97081617e-01 -4.97015191e-01  1.75494940e+00]\n",
      " [ 7.02932591e-01  5.02886293e-01 -5.02982255e-01 -4.44153650e+00]\n",
      " [-8.11054647e-05 -7.07117559e-01 -7.07095998e-01 -1.99965842e+00]\n",
      " [ 0.00000000e+00  0.00000000e+00  0.00000000e+00  1.00000000e+00]]\n",
      "[[-8.58534606e-01  3.62600324e-01 -3.62545632e-01  2.76470057e+00]\n",
      " [ 5.12755620e-01  6.07030115e-01 -6.07121169e-01 -3.89400921e+00]\n",
      " [-6.62160776e-05 -7.07131844e-01 -7.07081715e-01 -1.99968460e+00]\n",
      " [ 0.00000000e+00  0.00000000e+00  0.00000000e+00  1.00000000e+00]]\n",
      "[[-9.71506235e-01  1.67626368e-01 -1.67562036e-01  3.78885920e+00]\n",
      " [ 2.37013990e-01  6.86912700e-01 -6.87004594e-01 -2.90654642e+00]\n",
      " [-5.95942777e-05 -7.07143793e-01 -7.07069765e-01 -1.99968100e+00]\n",
      " [ 0.00000000e+00  0.00000000e+00  0.00000000e+00  1.00000000e+00]]\n",
      "[[-9.99993053e-01  2.65324015e-03 -2.61816922e-03  4.36212453e+00]\n",
      " [ 3.72744724e-03  7.07043171e-01 -7.07160562e-01 -1.94209309e+00]\n",
      " [-2.51081311e-05 -7.07165408e-01 -7.07048149e-01 -1.99977282e+00]\n",
      " [ 0.00000000e+00  0.00000000e+00  0.00000000e+00  1.00000000e+00]]\n",
      "[[-9.66285303e-01 -1.82027959e-01  1.82094855e-01  4.71757839e+00]\n",
      " [-2.57473714e-01  6.83209031e-01 -6.83324745e-01 -7.35961953e-01]\n",
      " [-2.46402531e-05 -7.07171296e-01 -7.07042260e-01 -1.99975883e+00]\n",
      " [ 0.00000000e+00  0.00000000e+00  0.00000000e+00  1.00000000e+00]]\n",
      "[[-8.79409768e-01 -3.36615265e-01  3.36643168e-01  4.75878002e+00]\n",
      " [-4.76065604e-01  6.21788102e-01 -6.21885116e-01  3.86378507e-01]\n",
      " [ 1.53067127e-05 -7.07156079e-01 -7.07057480e-01 -1.99997481e+00]\n",
      " [ 0.00000000e+00  0.00000000e+00  0.00000000e+00  1.00000000e+00]]\n",
      "[[-7.52995950e-01 -4.65279197e-01  4.65308896e-01  4.55685759e+00]\n",
      " [-6.58025151e-01  5.32417501e-01 -5.32479582e-01  1.42479483e+00]\n",
      " [ 1.30727190e-05 -7.07139925e-01 -7.07073635e-01 -2.00000904e+00]\n",
      " [ 0.00000000e+00  0.00000000e+00  0.00000000e+00  1.00000000e+00]]\n",
      "[[-5.48540331e-01 -5.91185191e-01  5.91272843e-01  4.00644159e+00]\n",
      " [-8.36124096e-01  3.87820822e-01 -3.87932347e-01  2.59649828e+00]\n",
      " [ 3.19389548e-05 -7.07174010e-01 -7.07039546e-01 -1.99999864e+00]\n",
      " [ 0.00000000e+00  0.00000000e+00  0.00000000e+00  1.00000000e+00]]\n",
      "[[-3.22211701e-01 -6.69358387e-01  6.69431826e-01  3.23005822e+00]\n",
      " [-9.46667637e-01  2.27773080e-01 -2.27903070e-01  3.51513555e+00]\n",
      " [ 7.02824540e-05 -7.07162481e-01 -7.07051074e-01 -2.00019754e+00]\n",
      " [ 0.00000000e+00  0.00000000e+00  0.00000000e+00  1.00000000e+00]]\n",
      "[[-8.14304532e-02 -7.04720545e-01  7.04796450e-01  2.27466989e+00]\n",
      " [-9.96679024e-01  5.75267895e-02 -5.76332559e-02  4.19717290e+00]\n",
      " [ 7.06624958e-05 -7.07148939e-01 -7.07064617e-01 -2.00023607e+00]\n",
      " [ 0.00000000e+00  0.00000000e+00  0.00000000e+00  1.00000000e+00]]\n",
      "[[ 1.67060080e-01 -6.97149319e-01  6.97189900e-01  1.16831964e+00]\n",
      " [-9.85946716e-01 -1.18167844e-01  1.18090788e-01  4.62874342e+00]\n",
      " [ 5.85147004e-05 -7.07120348e-01 -7.07093211e-01 -2.00026086e+00]\n",
      " [ 0.00000000e+00  0.00000000e+00  0.00000000e+00  1.00000000e+00]]\n",
      "[[ 3.94852367e-01 -6.49633108e-01  6.49667941e-01  4.37263996e-02]\n",
      " [-9.18744581e-01 -2.79246009e-01  2.79159564e-01  4.77366813e+00]\n",
      " [ 6.58851506e-05 -7.07105715e-01 -7.07107845e-01 -2.00033290e+00]\n",
      " [ 0.00000000e+00  0.00000000e+00  0.00000000e+00  1.00000000e+00]]\n"
     ]
    }
   ],
   "source": [
    "data_cnt = 0\n",
    "frames = []\n",
    "while True:\n",
    "    #Get data paths\n",
    "    data_img = os.path.join(DATA_PATH, '{}.png'.format(data_cnt))\n",
    "    data_tf= os.path.join(DATA_PATH, '{}.txt'.format(data_cnt))\n",
    "\n",
    "    if not os.path.exists(data_img):\n",
    "        break\n",
    "    \n",
    "    #Get tf as np array\n",
    "    tf = np.loadtxt(data_tf, delimiter=',')\n",
    "\n",
    "\n",
    "    file_path = \"images/{}.png\".format(data_cnt)\n",
    "    transform_matrix = from_tf_to_matrix(tf)\n",
    "\n",
    "    #Append to frames\n",
    "    frames.append({\n",
    "        \"file_path\": file_path,\n",
    "        \"transform_matrix\": transform_matrix.tolist(),\n",
    "    })\n",
    "\n",
    "    #Save image in processed folder\n",
    "    img = cv2.imread(data_img)\n",
    "    cv2.imwrite(os.path.join(PROCESSED_DATA_PATH, file_path), img)\n",
    "    \n",
    "    data_cnt += 1        "
   ]
  },
  {
   "cell_type": "code",
   "execution_count": null,
   "metadata": {},
   "outputs": [],
   "source": [
    "transform_dictionary = {}\n",
    "transform_dictionary[\"fl_x\"] = fl_x\n",
    "transform_dictionary[\"fl_y\"] = fl_y\n",
    "transform_dictionary[\"w\"] = w\n",
    "transform_dictionary[\"h\"] = h\n",
    "transform_dictionary[\"cx\"] = cx\n",
    "transform_dictionary[\"cy\"] = cy\n",
    "transform_dictionary[\"k1\"] = k1\n",
    "transform_dictionary[\"k2\"] = k2\n",
    "transform_dictionary[\"k3\"] = k3\n",
    "transform_dictionary[\"p1\"] = p1\n",
    "transform_dictionary[\"p2\"] = p2\n",
    "transform_dictionary[\"camera_model\"] = camera_model\n",
    "transform_dictionary[\"frames\"] = frames\n",
    "\n",
    "#Save as json \n",
    "with open(os.path.join(PROCESSED_DATA_PATH, \"transforms.json\"), 'w') as outfile:\n",
    "    json.dump(transform_dictionary, outfile)\n"
   ]
  }
 ],
 "metadata": {
  "kernelspec": {
   "display_name": "Python 3",
   "language": "python",
   "name": "python3"
  },
  "language_info": {
   "codemirror_mode": {
    "name": "ipython",
    "version": 3
   },
   "file_extension": ".py",
   "mimetype": "text/x-python",
   "name": "python",
   "nbconvert_exporter": "python",
   "pygments_lexer": "ipython3",
   "version": "3.8.10"
  }
 },
 "nbformat": 4,
 "nbformat_minor": 2
}
