{
    "camera_type": "perspective",
    "render_height": 1080,
    "render_width": 1920,
    "fps": 24,
    "seconds": 15.0,
    "smoothness_value": 0.5,
    "is_cycle": false,
    "crop": null,
    "camera_path": [
        {
            "fov": 50,
            "aspect": 1,
            "camera_to_world": [
                1.0,
                0.0,
                0.0,
                0.0,
                0.0,
                0.7648421872844884,
                -0.644217687237691,
                -9.0,
                0.0,
                0.644217687237691,
                0.7648421872844884,
                25.0,
                0.0,
                0.0,
                0.0,
                1.0
            ]
        },
        {
            "fov": 50,
            "aspect": 1,
            "camera_to_world": [
                0.9961946980917457,
                -0.06666038891752307,
                0.056147271022379514,
                0.7844016847289236,
                0.08715574274765818,
                0.7619317318497013,
                -0.6417662444431143,
                -8.965752282825711,
                0.0,
                0.6442176872376911,
                0.7648421872844886,
                25.000000000000007,
                0.0,
                0.0,
                0.0,
                1.0
            ]
        },
        {
            "fov": 50,
            "aspect": 1,
            "camera_to_world": [
                0.9848077530122081,
                -0.13281345202474043,
                0.11186722740962952,
                1.562833599002373,
                0.17364817766693033,
                0.7532225158685795,
                -0.634430573019272,
                -8.863269777109874,
                0.0,
                0.644217687237691,
                0.7648421872844884,
                25.0,
                0.0,
                0.0,
                0.0,
                1.0
            ]
        },
        {
            "fov": 50,
            "aspect": 1,
            "camera_to_world": [
                0.9659258262890682,
                -0.19795572456709462,
                0.16673580664901355,
                2.3293714059226867,
                0.25881904510252074,
                0.7387808217335077,
                -0.6222665018550992,
                -8.693332436601613,
                0.0,
                0.644217687237691,
                0.7648421872844884,
                25.0,
                0.0,
                0.0,
                0.0,
                1.0
            ]
        },
        {
            "fov": 50,
            "aspect": 1,
            "camera_to_world": [
                0.9396926207859083,
                -0.26159143451655864,
                0.22033542572196588,
                3.0781812899310177,
                0.34202014332566866,
                0.7187165594569874,
                -0.6053666068770225,
                -8.457233587073175,
                0.0,
                0.6442176872376909,
                0.7648421872844883,
                24.999999999999996,
                0.0,
                0.0,
                0.0,
                1.0
            ]
        },
        {
            "fov": 50,
            "aspect": 1,
            "camera_to_world": [
                0.90630778703665,
                -0.32323627569612495,
                0.27225815916300655,
                3.803564355666295,
                0.42261826174069944,
                0.6931824301900757,
                -0.5838595064902605,
                -8.15677008332985,
                0.0,
                0.644217687237691,
                0.7648421872844884,
                25.0,
                0.0,
                0.0,
                0.0,
                1.0
            ]
        },
        {
            "fov": 50,
            "aspect": 1,
            "camera_to_world": [
                0.8660254037844387,
                -0.38242109364224414,
                0.32210884361884545,
                4.499999999999999,
                0.49999999999999994,
                0.6623727640744224,
                -0.5579088827150986,
                -7.794228634059948,
                0.0,
                0.644217687237691,
                0.7648421872844884,
                25.0,
                0.0,
                0.0,
                0.0,
                1.0
            ]
        },
        {
            "fov": 50,
            "aspect": 1,
            "camera_to_world": [
                0.8191520442889919,
                -0.4386954561535762,
                0.3695080852801076,
                5.162187927159414,
                0.573576436351046,
                0.6265220412725526,
                -0.527712235467881,
                -7.372368398600927,
                0.0,
                0.644217687237691,
                0.7648421872844884,
                25.0,
                0.0,
                0.0,
                0.0,
                1.0
            ]
        },
        {
            "fov": 50,
            "aspect": 1,
            "camera_to_world": [
                0.7660444431189781,
                -0.49163108135202077,
                0.414095147297306,
                5.785088487178855,
                0.6427876096865394,
                0.585903107432247,
                -0.49349937946739303,
                -6.894399988070803,
                0.0,
                0.644217687237691,
                0.7648421872844884,
                25.0,
                0.0,
                0.0,
                0.0,
                1.0
            ]
        },
        {
            "fov": 50,
            "aspect": 1,
            "camera_to_world": [
                0.7071067811865475,
                -0.5408250971664131,
                0.45553069520608575,
                6.3639610306789285,
                0.7071067811865476,
                0.540825097166413,
                -0.45553069520608563,
                -6.363961030678928,
                0.0,
                0.644217687237691,
                0.7648421872844884,
                25.0,
                0.0,
                0.0,
                0.0,
                1.0
            ]
        },
        {
            "fov": 50,
            "aspect": 1,
            "camera_to_world": [
                0.6427876096865393,
                -0.5859031074322469,
                0.493499379467393,
                6.894399988070802,
                0.766044443118978,
                0.49163108135202066,
                -0.41409514729730595,
                -5.785088487178854,
                0.0,
                0.644217687237691,
                0.7648421872844884,
                25.0,
                0.0,
                0.0,
                0.0,
                1.0
            ]
        },
        {
            "fov": 50,
            "aspect": 1,
            "camera_to_world": [
                0.5735764363510462,
                -0.6265220412725525,
                0.5277122354678808,
                7.372368398600925,
                0.8191520442889917,
                0.4386954561535763,
                -0.36950808528010765,
                -5.162187927159415,
                0.0,
                0.6442176872376909,
                0.7648421872844883,
                24.999999999999996,
                0.0,
                0.0,
                0.0,
                1.0
            ]
        },
        {
            "fov": 50,
            "aspect": 1,
            "camera_to_world": [
                0.5000000000000002,
                -0.6623727640744222,
                0.5579088827150985,
                7.794228634059947,
                0.8660254037844386,
                0.38242109364224436,
                -0.3221088436188457,
                -4.500000000000002,
                0.0,
                0.644217687237691,
                0.7648421872844884,
                25.0,
                0.0,
                0.0,
                0.0,
                1.0
            ]
        },
        {
            "fov": 50,
            "aspect": 1,
            "camera_to_world": [
                0.4226182617406994,
                -0.6931824301900757,
                0.5838595064902605,
                8.15677008332985,
                0.90630778703665,
                0.32323627569612495,
                -0.2722581591630065,
                -3.8035643556662944,
                0.0,
                0.644217687237691,
                0.7648421872844884,
                25.0,
                0.0,
                0.0,
                0.0,
                1.0
            ]
        },
        {
            "fov": 50,
            "aspect": 1,
            "camera_to_world": [
                0.34202014332566877,
                -0.7187165594569874,
                0.6053666068770225,
                8.457233587073175,
                0.9396926207859083,
                0.2615914345165587,
                -0.22033542572196593,
                -3.078181289931019,
                0.0,
                0.6442176872376909,
                0.7648421872844883,
                24.999999999999996,
                0.0,
                0.0,
                0.0,
                1.0
            ]
        },
        {
            "fov": 50,
            "aspect": 1,
            "camera_to_world": [
                0.2588190451025211,
                -0.7387808217335078,
                0.6222665018550992,
                8.693332436601615,
                0.9659258262890683,
                0.19795572456709487,
                -0.16673580664901377,
                -2.3293714059226898,
                0.0,
                0.644217687237691,
                0.7648421872844884,
                25.0,
                0.0,
                0.0,
                0.0,
                1.0
            ]
        },
        {
            "fov": 50,
            "aspect": 1,
            "camera_to_world": [
                0.17364817766693041,
                -0.7532225158685794,
                0.6344305730192719,
                8.86326977710987,
                0.9848077530122079,
                0.1328134520247405,
                -0.11186722740962958,
                -1.5628335990023738,
                0.0,
                0.6442176872376909,
                0.7648421872844883,
                24.999999999999996,
                0.0,
                0.0,
                0.0,
                1.0
            ]
        },
        {
            "fov": 50,
            "aspect": 1,
            "camera_to_world": [
                0.08715574274765803,
                -0.7619317318497011,
                0.6417662444431141,
                8.96575228282571,
                0.9961946980917454,
                0.06666038891752295,
                -0.056147271022379416,
                -0.7844016847289222,
                0.0,
                0.6442176872376909,
                0.7648421872844883,
                24.999999999999996,
                0.0,
                0.0,
                0.0,
                1.0
            ]
        },
        {
            "fov": 50,
            "aspect": 1,
            "camera_to_world": [
                2.220446049250313e-16,
                -0.7648421872844884,
                0.644217687237691,
                9.0,
                1.0,
                1.6982908130558103e-16,
                -1.4304506184841049e-16,
                -1.9984014443252818e-15,
                0.0,
                0.644217687237691,
                0.7648421872844884,
                25.0,
                0.0,
                0.0,
                0.0,
                1.0
            ]
        },
        {
            "fov": 50,
            "aspect": 1,
            "camera_to_world": [
                -0.08715574274765792,
                -0.7619317318497013,
                0.6417662444431143,
                8.965752282825711,
                0.9961946980917457,
                -0.06666038891752286,
                0.05614727102237935,
                0.7844016847289212,
                0.0,
                0.644217687237691,
                0.7648421872844884,
                25.0,
                0.0,
                0.0,
                0.0,
                1.0
            ]
        },
        {
            "fov": 50,
            "aspect": 1,
            "camera_to_world": [
                -0.1736481776669303,
                -0.7532225158685795,
                0.634430573019272,
                8.863269777109874,
                0.9848077530122081,
                -0.13281345202474043,
                0.11186722740962951,
                1.5628335990023727,
                0.0,
                0.644217687237691,
                0.7648421872844884,
                25.0,
                0.0,
                0.0,
                0.0,
                1.0
            ]
        },
        {
            "fov": 50,
            "aspect": 1,
            "camera_to_world": [
                -0.25881904510252074,
                -0.7387808217335078,
                0.6222665018550992,
                8.693332436601615,
                0.9659258262890683,
                -0.19795572456709462,
                0.16673580664901355,
                2.3293714059226867,
                0.0,
                0.644217687237691,
                0.7648421872844884,
                25.0,
                0.0,
                0.0,
                0.0,
                1.0
            ]
        },
        {
            "fov": 50,
            "aspect": 1,
            "camera_to_world": [
                -0.3420201433256685,
                -0.7187165594569874,
                0.6053666068770225,
                8.457233587073175,
                0.9396926207859083,
                -0.2615914345165585,
                0.22033542572196577,
                3.0781812899310164,
                0.0,
                0.644217687237691,
                0.7648421872844884,
                25.0,
                0.0,
                0.0,
                0.0,
                1.0
            ]
        },
        {
            "fov": 50,
            "aspect": 1,
            "camera_to_world": [
                -0.4226182617406994,
                -0.6931824301900757,
                0.5838595064902605,
                8.15677008332985,
                0.90630778703665,
                -0.32323627569612495,
                0.2722581591630065,
                3.8035643556662944,
                0.0,
                0.644217687237691,
                0.7648421872844884,
                25.0,
                0.0,
                0.0,
                0.0,
                1.0
            ]
        },
        {
            "fov": 50,
            "aspect": 1,
            "camera_to_world": [
                -0.4999999999999998,
                -0.6623727640744225,
                0.5579088827150986,
                7.79422863405995,
                0.8660254037844388,
                -0.382421093642244,
                0.32210884361884534,
                4.499999999999998,
                0.0,
                0.644217687237691,
                0.7648421872844884,
                25.0,
                0.0,
                0.0,
                0.0,
                1.0
            ]
        },
        {
            "fov": 50,
            "aspect": 1,
            "camera_to_world": [
                -0.5735764363510464,
                -0.6265220412725526,
                0.5277122354678809,
                7.372368398600926,
                0.8191520442889918,
                -0.43869545615357647,
                0.3695080852801078,
                5.162187927159417,
                0.0,
                0.6442176872376911,
                0.7648421872844886,
                25.000000000000007,
                0.0,
                0.0,
                0.0,
                1.0
            ]
        },
        {
            "fov": 50,
            "aspect": 1,
            "camera_to_world": [
                -0.6427876096865393,
                -0.5859031074322469,
                0.493499379467393,
                6.894399988070802,
                0.766044443118978,
                -0.49163108135202066,
                0.41409514729730595,
                5.785088487178854,
                0.0,
                0.644217687237691,
                0.7648421872844884,
                25.0,
                0.0,
                0.0,
                0.0,
                1.0
            ]
        },
        {
            "fov": 50,
            "aspect": 1,
            "camera_to_world": [
                -0.7071067811865475,
                -0.5408250971664132,
                0.4555306952060858,
                6.363961030678929,
                0.7071067811865477,
                -0.540825097166413,
                0.45553069520608563,
                6.363961030678928,
                0.0,
                0.644217687237691,
                0.7648421872844884,
                25.0,
                0.0,
                0.0,
                0.0,
                1.0
            ]
        },
        {
            "fov": 50,
            "aspect": 1,
            "camera_to_world": [
                -0.766044443118978,
                -0.4916310813520208,
                0.4140951472973061,
                5.7850884871788555,
                0.6427876096865395,
                -0.5859031074322469,
                0.493499379467393,
                6.894399988070802,
                0.0,
                0.644217687237691,
                0.7648421872844884,
                25.0,
                0.0,
                0.0,
                0.0,
                1.0
            ]
        },
        {
            "fov": 50,
            "aspect": 1,
            "camera_to_world": [
                -0.8191520442889919,
                -0.43869545615357614,
                0.3695080852801075,
                5.1621879271594135,
                0.5735764363510459,
                -0.6265220412725526,
                0.527712235467881,
                7.372368398600927,
                0.0,
                0.644217687237691,
                0.7648421872844884,
                25.0,
                0.0,
                0.0,
                0.0,
                1.0
            ]
        },
        {
            "fov": 50,
            "aspect": 1,
            "camera_to_world": [
                -0.8660254037844382,
                -0.38242109364224447,
                0.32210884361884573,
                4.500000000000003,
                0.5000000000000003,
                -0.6623727640744219,
                0.5579088827150982,
                7.794228634059944,
                0.0,
                0.6442176872376909,
                0.7648421872844882,
                24.999999999999993,
                0.0,
                0.0,
                0.0,
                1.0
            ]
        },
        {
            "fov": 50,
            "aspect": 1,
            "camera_to_world": [
                -0.9063077870366498,
                -0.32323627569612495,
                0.27225815916300655,
                3.803564355666295,
                0.42261826174069944,
                -0.6931824301900755,
                0.5838595064902603,
                8.156770083329848,
                0.0,
                0.6442176872376909,
                0.7648421872844882,
                24.999999999999993,
                0.0,
                0.0,
                0.0,
                1.0
            ]
        },
        {
            "fov": 50,
            "aspect": 1,
            "camera_to_world": [
                -0.9396926207859081,
                -0.26159143451655875,
                0.22033542572196596,
                3.0781812899310195,
                0.3420201433256688,
                -0.7187165594569872,
                0.6053666068770224,
                8.457233587073173,
                0.0,
                0.6442176872376908,
                0.7648421872844882,
                24.999999999999993,
                0.0,
                0.0,
                0.0,
                1.0
            ]
        },
        {
            "fov": 50,
            "aspect": 1,
            "camera_to_world": [
                -0.9659258262890683,
                -0.19795572456709448,
                0.16673580664901344,
                2.3293714059226853,
                0.2588190451025206,
                -0.7387808217335078,
                0.6222665018550992,
                8.693332436601615,
                0.0,
                0.6442176872376909,
                0.7648421872844883,
                24.999999999999996,
                0.0,
                0.0,
                0.0,
                1.0
            ]
        },
        {
            "fov": 50,
            "aspect": 1,
            "camera_to_world": [
                -0.9848077530122084,
                -0.13281345202474043,
                0.11186722740962951,
                1.5628335990023727,
                0.1736481776669303,
                -0.7532225158685797,
                0.6344305730192721,
                8.863269777109876,
                0.0,
                0.6442176872376911,
                0.7648421872844886,
                25.000000000000007,
                0.0,
                0.0,
                0.0,
                1.0
            ]
        },
        {
            "fov": 50,
            "aspect": 1,
            "camera_to_world": [
                -0.9961946980917457,
                -0.06666038891752307,
                0.05614727102237952,
                0.7844016847289237,
                0.0871557427476582,
                -0.7619317318497013,
                0.6417662444431143,
                8.965752282825711,
                0.0,
                0.6442176872376911,
                0.7648421872844886,
                25.000000000000007,
                0.0,
                0.0,
                0.0,
                1.0
            ]
        },
        {
            "fov": 50,
            "aspect": 1,
            "camera_to_world": [
                -1.0,
                -9.366615365108091e-17,
                7.88939128629749e-17,
                1.102182119232618e-15,
                1.2246467991473532e-16,
                -0.7648421872844884,
                0.644217687237691,
                9.0,
                0.0,
                0.644217687237691,
                0.7648421872844884,
                25.0,
                0.0,
                0.0,
                0.0,
                1.0
            ]
        },
        {
            "fov": 50,
            "aspect": 1,
            "camera_to_world": [
                -0.9961946980917457,
                0.06666038891752289,
                -0.056147271022379375,
                -0.7844016847289216,
                -0.08715574274765796,
                -0.7619317318497013,
                0.6417662444431143,
                8.965752282825711,
                0.0,
                0.644217687237691,
                0.7648421872844884,
                25.0,
                0.0,
                0.0,
                0.0,
                1.0
            ]
        },
        {
            "fov": 50,
            "aspect": 1,
            "camera_to_world": [
                -0.9848077530122081,
                0.1328134520247402,
                -0.11186722740962933,
                -1.5628335990023703,
                -0.17364817766693003,
                -0.7532225158685795,
                0.634430573019272,
                8.863269777109874,
                0.0,
                0.644217687237691,
                0.7648421872844884,
                25.0,
                0.0,
                0.0,
                0.0,
                1.0
            ]
        },
        {
            "fov": 50,
            "aspect": 1,
            "camera_to_world": [
                -0.9659258262890685,
                0.19795572456709432,
                -0.1667358066490133,
                -2.329371405922683,
                -0.25881904510252035,
                -0.7387808217335079,
                0.6222665018550995,
                8.693332436601617,
                0.0,
                0.6442176872376911,
                0.7648421872844886,
                25.000000000000007,
                0.0,
                0.0,
                0.0,
                1.0
            ]
        },
        {
            "fov": 50,
            "aspect": 1,
            "camera_to_world": [
                -0.9396926207859085,
                0.26159143451655864,
                -0.22033542572196588,
                -3.0781812899310177,
                -0.34202014332566866,
                -0.7187165594569875,
                0.6053666068770226,
                8.457233587073176,
                0.0,
                0.6442176872376911,
                0.7648421872844886,
                25.000000000000007,
                0.0,
                0.0,
                0.0,
                1.0
            ]
        },
        {
            "fov": 50,
            "aspect": 1,
            "camera_to_world": [
                -0.9063077870366504,
                0.32323627569612456,
                -0.2722581591630062,
                -3.80356435566629,
                -0.4226182617406989,
                -0.693182430190076,
                0.5838595064902607,
                8.156770083329853,
                0.0,
                0.6442176872376911,
                0.7648421872844886,
                25.000000000000007,
                0.0,
                0.0,
                0.0,
                1.0
            ]
        },
        {
            "fov": 50,
            "aspect": 1,
            "camera_to_world": [
                -0.8660254037844387,
                0.38242109364224436,
                -0.3221088436188457,
                -4.500000000000002,
                -0.5000000000000002,
                -0.6623727640744224,
                0.5579088827150986,
                7.794228634059948,
                0.0,
                0.6442176872376911,
                0.7648421872844886,
                25.000000000000007,
                0.0,
                0.0,
                0.0,
                1.0
            ]
        },
        {
            "fov": 50,
            "aspect": 1,
            "camera_to_world": [
                -0.8191520442889919,
                0.438695456153576,
                -0.3695080852801074,
                -5.162187927159413,
                -0.5735764363510458,
                -0.6265220412725526,
                0.527712235467881,
                7.372368398600927,
                0.0,
                0.644217687237691,
                0.7648421872844884,
                25.0,
                0.0,
                0.0,
                0.0,
                1.0
            ]
        },
        {
            "fov": 50,
            "aspect": 1,
            "camera_to_world": [
                -0.7660444431189782,
                0.49163108135202044,
                -0.41409514729730573,
                -5.78508848717885,
                -0.6427876096865389,
                -0.5859031074322472,
                0.4934993794673931,
                6.894399988070804,
                0.0,
                0.6442176872376909,
                0.7648421872844883,
                24.999999999999996,
                0.0,
                0.0,
                0.0,
                1.0
            ]
        },
        {
            "fov": 50,
            "aspect": 1,
            "camera_to_world": [
                -0.7071067811865475,
                0.540825097166413,
                -0.45553069520608563,
                -6.363961030678928,
                -0.7071067811865475,
                -0.540825097166413,
                0.45553069520608563,
                6.363961030678928,
                0.0,
                0.644217687237691,
                0.7648421872844884,
                25.0,
                0.0,
                0.0,
                0.0,
                1.0
            ]
        },
        {
            "fov": 50,
            "aspect": 1,
            "camera_to_world": [
                -0.6427876096865396,
                0.5859031074322469,
                -0.4934993794673929,
                -6.894399988070801,
                -0.7660444431189779,
                -0.49163108135202094,
                0.4140951472973062,
                5.785088487178856,
                0.0,
                0.644217687237691,
                0.7648421872844884,
                25.0,
                0.0,
                0.0,
                0.0,
                1.0
            ]
        },
        {
            "fov": 50,
            "aspect": 1,
            "camera_to_world": [
                -0.5735764363510457,
                0.6265220412725528,
                -0.5277122354678812,
                -7.372368398600929,
                -0.8191520442889921,
                -0.4386954561535759,
                0.36950808528010737,
                5.162187927159412,
                0.0,
                0.644217687237691,
                0.7648421872844884,
                25.0,
                0.0,
                0.0,
                0.0,
                1.0
            ]
        },
        {
            "fov": 50,
            "aspect": 1,
            "camera_to_world": [
                -0.5000000000000003,
                0.6623727640744221,
                -0.5579088827150984,
                -7.794228634059945,
                -0.8660254037844384,
                -0.38242109364224447,
                0.32210884361884573,
                4.500000000000003,
                0.0,
                0.6442176872376909,
                0.7648421872844883,
                24.999999999999996,
                0.0,
                0.0,
                0.0,
                1.0
            ]
        },
        {
            "fov": 50,
            "aspect": 1,
            "camera_to_world": [
                -0.4226182617407,
                0.6931824301900754,
                -0.5838595064902602,
                -8.156770083329846,
                -0.9063077870366496,
                -0.3232362756961254,
                0.2722581591630069,
                3.8035643556663,
                0.0,
                0.644217687237691,
                0.7648421872844884,
                25.0,
                0.0,
                0.0,
                0.0,
                1.0
            ]
        },
        {
            "fov": 50,
            "aspect": 1,
            "camera_to_world": [
                -0.3420201433256685,
                0.7187165594569874,
                -0.6053666068770225,
                -8.457233587073175,
                -0.9396926207859083,
                -0.2615914345165585,
                0.22033542572196577,
                3.0781812899310164,
                0.0,
                0.644217687237691,
                0.7648421872844884,
                25.0,
                0.0,
                0.0,
                0.0,
                1.0
            ]
        },
        {
            "fov": 50,
            "aspect": 1,
            "camera_to_world": [
                -0.25881904510252074,
                0.7387808217335078,
                -0.6222665018550992,
                -8.693332436601615,
                -0.9659258262890683,
                -0.19795572456709462,
                0.16673580664901355,
                2.3293714059226867,
                0.0,
                0.644217687237691,
                0.7648421872844884,
                25.0,
                0.0,
                0.0,
                0.0,
                1.0
            ]
        },
        {
            "fov": 50,
            "aspect": 1,
            "camera_to_world": [
                -0.1736481776669303,
                0.7532225158685795,
                -0.634430573019272,
                -8.863269777109874,
                -0.9848077530122081,
                -0.13281345202474043,
                0.11186722740962951,
                1.5628335990023727,
                0.0,
                0.644217687237691,
                0.7648421872844884,
                25.0,
                0.0,
                0.0,
                0.0,
                1.0
            ]
        },
        {
            "fov": 50,
            "aspect": 1,
            "camera_to_world": [
                -0.08715574274765825,
                0.7619317318497012,
                -0.6417662444431141,
                -8.96575228282571,
                -0.9961946980917455,
                -0.06666038891752311,
                0.05614727102237956,
                0.7844016847289242,
                0.0,
                0.644217687237691,
                0.7648421872844884,
                25.0,
                0.0,
                0.0,
                0.0,
                1.0
            ]
        },
        {
            "fov": 50,
            "aspect": 1,
            "camera_to_world": [
                -2.220446049250313e-16,
                0.7648421872844884,
                -0.644217687237691,
                -9.0,
                -1.0,
                -1.6982908130558103e-16,
                1.4304506184841049e-16,
                1.9984014443252818e-15,
                0.0,
                0.644217687237691,
                0.7648421872844884,
                25.0,
                0.0,
                0.0,
                0.0,
                1.0
            ]
        },
        {
            "fov": 50,
            "aspect": 1,
            "camera_to_world": [
                0.08715574274765792,
                0.7619317318497013,
                -0.6417662444431143,
                -8.965752282825711,
                -0.9961946980917457,
                0.06666038891752286,
                -0.05614727102237935,
                -0.7844016847289212,
                0.0,
                0.644217687237691,
                0.7648421872844884,
                25.0,
                0.0,
                0.0,
                0.0,
                1.0
            ]
        },
        {
            "fov": 50,
            "aspect": 1,
            "camera_to_world": [
                0.17364817766692991,
                0.7532225158685795,
                -0.634430573019272,
                -8.863269777109874,
                -0.9848077530122081,
                0.13281345202474013,
                -0.11186722740962926,
                -1.5628335990023692,
                0.0,
                0.644217687237691,
                0.7648421872844884,
                25.0,
                0.0,
                0.0,
                0.0,
                1.0
            ]
        },
        {
            "fov": 50,
            "aspect": 1,
            "camera_to_world": [
                0.25881904510252035,
                0.7387808217335079,
                -0.6222665018550995,
                -8.693332436601617,
                -0.9659258262890685,
                0.19795572456709432,
                -0.1667358066490133,
                -2.329371405922683,
                0.0,
                0.6442176872376911,
                0.7648421872844886,
                25.000000000000007,
                0.0,
                0.0,
                0.0,
                1.0
            ]
        },
        {
            "fov": 50,
            "aspect": 1,
            "camera_to_world": [
                0.3420201433256691,
                0.7187165594569874,
                -0.6053666068770225,
                -8.457233587073175,
                -0.9396926207859083,
                0.261591434516559,
                -0.22033542572196615,
                -3.078181289931022,
                0.0,
                0.644217687237691,
                0.7648421872844884,
                25.0,
                0.0,
                0.0,
                0.0,
                1.0
            ]
        },
        {
            "fov": 50,
            "aspect": 1,
            "camera_to_world": [
                0.42261826174069883,
                0.6931824301900757,
                -0.5838595064902605,
                -8.156770083329851,
                -0.9063077870366502,
                0.3232362756961245,
                -0.27225815916300616,
                -3.8035643556662895,
                0.0,
                0.644217687237691,
                0.7648421872844884,
                25.0,
                0.0,
                0.0,
                0.0,
                1.0
            ]
        },
        {
            "fov": 50,
            "aspect": 1,
            "camera_to_world": [
                0.49999999999999933,
                0.6623727640744226,
                -0.5579088827150989,
                -7.794228634059952,
                -0.866025403784439,
                0.3824210936422437,
                -0.32210884361884506,
                -4.499999999999994,
                0.0,
                0.644217687237691,
                0.7648421872844884,
                25.0,
                0.0,
                0.0,
                0.0,
                1.0
            ]
        },
        {
            "fov": 50,
            "aspect": 1,
            "camera_to_world": [
                0.573576436351046,
                0.6265220412725526,
                -0.5277122354678809,
                -7.372368398600926,
                -0.8191520442889918,
                0.4386954561535762,
                -0.3695080852801076,
                -5.162187927159414,
                0.0,
                0.644217687237691,
                0.7648421872844884,
                25.0,
                0.0,
                0.0,
                0.0,
                1.0
            ]
        },
        {
            "fov": 50,
            "aspect": 1,
            "camera_to_world": [
                0.6427876096865393,
                0.585903107432247,
                -0.49349937946739303,
                -6.894399988070803,
                -0.7660444431189781,
                0.49163108135202066,
                -0.41409514729730595,
                -5.785088487178854,
                0.0,
                0.644217687237691,
                0.7648421872844884,
                25.0,
                0.0,
                0.0,
                0.0,
                1.0
            ]
        },
        {
            "fov": 50,
            "aspect": 1,
            "camera_to_world": [
                0.7071067811865474,
                0.5408250971664134,
                -0.45553069520608586,
                -6.36396103067893,
                -0.7071067811865478,
                0.540825097166413,
                -0.4555306952060856,
                -6.363961030678926,
                0.0,
                0.644217687237691,
                0.7648421872844884,
                25.0,
                0.0,
                0.0,
                0.0,
                1.0
            ]
        },
        {
            "fov": 50,
            "aspect": 1,
            "camera_to_world": [
                0.7660444431189778,
                0.49163108135202094,
                -0.4140951472973062,
                -5.785088487178856,
                -0.6427876096865396,
                0.5859031074322468,
                -0.4934993794673928,
                -6.8943999880708,
                0.0,
                0.6442176872376909,
                0.7648421872844883,
                24.999999999999996,
                0.0,
                0.0,
                0.0,
                1.0
            ]
        },
        {
            "fov": 50,
            "aspect": 1,
            "camera_to_world": [
                0.8191520442889915,
                0.4386954561535765,
                -0.36950808528010787,
                -5.162187927159419,
                -0.5735764363510465,
                0.6265220412725523,
