{
    "camera_type": "perspective",
    "render_height": 540,
    "render_width": 960,
    "fps": 24,
    "seconds": 4,
    "smoothness_value": 0.5,
    "is_cycle": false,
    "crop": null,
    "camera_path": [
        {
            "camera_to_world": [
                [
                    1.0,
                    0.0,
                    0.0,
                    0.0
                ],
                [
                    0.0,
                    0.9999253696604521,
                    -0.012217000835247169,
                    -8.0
                ],
                [
                    0.0,
                    0.012217000835247169,
                    0.9999253696604521,
                    25.0
                ],
                [
                    0.0,
                    0.0,
                    0.0,
                    1.0
                ]
            ],
            "fov": 50,
            "aspect": 1
        },
        {
            "camera_to_world": [
                [
                    0.9960894081237991,
                    -0.08834436006028076,
                    0.0010793836754160256,
                    0.7435816626335982
                ],
                [
                    0.08835095372195642,
                    0.9960150696330508,
                    -0.012169225131029311,
                    -7.932686677116792
                ],
                [
                    0.0,
                    0.012217000835247167,
                    0.999925369660452,
                    24.999999999999996
                ],
                [
                    0.0,
                    0.0,
                    0.0,
                    1.0
                ]
            ],
            "fov": 50,
            "aspect": 1
        },
        {
            "camera_to_world": [
                [
                    0.9653229126834028,
                    -0.2610392734107938,
                    0.0031893550439418498,
                    2.229677090206446
                ],
                [
                    0.2610587563144195,
                    0.9652508703066558,
                    -0.011793350830536361,
                    -7.655345041762027
                ],
                [
                    0.0,
                    0.012217000835247167,
                    0.999925369660452,
                    24.999999999999996
                ],
                [
                    0.0,
                    0.0,
                    0.0,
                    1.0
                ]
            ],
            "fov": 50,
            "aspect": 1
        },
        {
            "camera_to_world": [
                [
                    0.9114520774055047,
                    -0.4113755563996729,
                    0.0050261506194624215,
                    3.3817274906762202
                ],
                [
                    0.411406259788533,
                    0.9113840554274862,
                    -0.011135210790950818,
                    -7.2185654156155055
                ],
                [
                    0.0,
                    0.012217000835247167,
                    0.999925369660452,
                    24.999999999999996
                ],
                [
                    0.0,
                    0.0,
                    0.0,
                    1.0
                ]
            ],
            "fov": 50,
            "aspect": 1
        },
        {
            "camera_to_world": [
                [
                    0.9360734485777342,
                    -0.3517783763756074,
                    0.004297997479013923,
                    3.177487858435202
                ],
                [
                    0.35180463167472376,
                    0.936003589098425,
                    -0.011436010103126875,
                    -7.450109957790166
                ],
                [
                    0.0,
                    0.012217000835247165,
                    0.9999253696604519,
                    24.999999999999993
                ],
                [
                    0.0,
                    0.0,
                    0.0,
                    1.0
                ]
            ],
            "fov": 50,
            "aspect": 1
        },
        {
            "camera_to_world": [
                [
                    0.9120238153805732,
                    -0.4101066368575239,
                    0.0050106470713210645,
                    3.6233316996209197
                ],
                [
                    0.41013724553941977,
                    0.9119557507335554,
                    -0.01114219571426977,
                    -7.273342508274741
                ],
                [
                    0.0,
                    0.012217000835247165,
                    0.9999253696604519,
                    24.999999999999993
                ],
                [
                    0.0,
                    0.0,
                    0.0,
                    1.0
                ]
            ],
            "fov": 50,
            "aspect": 1
        },
        {
            "camera_to_world": [
                [
                    0.9376652508756643,
                    -0.34751381222831457,
                    0.004245893406719874,
                    3.233129414045965
                ],
                [
                    0.34753974923780656,
                    0.937595272599609,
                    -0.011455457153130235,
                    -7.594193764962145
                ],
                [
                    0.0,
                    0.012217000835247164,
                    0.9999253696604518,
                    24.99999999999999
                ],
                [
                    0.0,
                    0.0,
                    0.0,
                    1.0
                ]
            ],
            "fov": 50,
            "aspect": 1
        },
        {
            "camera_to_world": [
                [
                    0.9280932270913995,
                    -0.37232011583667574,
                    0.004548974657679287,
                    3.4518484672360534
                ],
                [
                    0.3723479042872026,
                    0.9280239631787293,
                    -0.011338515730562866,
                    -7.515170101978023
                ],
                [
                    0.0,
                    0.012217000835247162,
                    0.9999253696604516,
                    24.999999999999986
                ],
                [
                    0.0,
                    0.0,
                    0.0,
                    1.0
                ]
            ],
            "fov": 50,
            "aspect": 1
        },
        {
            "camera_to_world": [
                [
                    0.8950034300599093,
                    -0.4460259668023843,
                    0.005449506307472749,
                    3.923034483758772
                ],
                [
                    0.4460592563561447,
                    0.8949366356500271,
                    -0.010934257652590991,
                    -7.150913126916795
                ],
                [
                    0.0,
                    0.012217000835247162,
                    0.9999253696604516,
                    24.999999999999986
                ],
                [
                    0.0,
                    0.0,
                    0.0,
                    1.0
                ]
            ],
            "fov": 50,
            "aspect": 1
        },
        {
            "camera_to_world": [
                [
                    0.9374644482687179,
                    -0.34805505946939147,
                    0.004252506318240017,
                    3.299556538203154
                ],
                [
                    0.3480810368753636,
                    0.9373944849786291,
                    -0.01145300394751345,
                    -7.4871761194724735
                ],
                [
                    0.0,
                    0.01221700083524716,
                    0.9999253696604515,
                    24.999999999999982
                ],
                [
                    0.0,
                    0.0,
                    0.0,
                    1.0
                ]
            ],
            "fov": 50,
            "aspect": 1
        },
        {
            "camera_to_world": [
                [
                    0.9316932745694132,
                    -0.3632188710163099,
                    0.004437776443346595,
                    3.4215401036330255
                ],
                [
                    0.3632459801871506,
                    0.9316237419839771,
                    -0.011382497513608687,
                    -7.607215281194587
                ],
                [
                    0.0,
                    0.012217000835247158,
                    0.9999253696604514,
                    24.99999999999998
                ],
                [
                    0.0,
                    0.0,
                    0.0,
                    1.0
                ]
            ],
            "fov": 50,
            "aspect": 1
        },
        {
            "camera_to_world": [
                [
                    0.8858015860782321,
                    -0.4640295326647822,
                    0.005669472302788011,
                    4.335885613919414
                ],
                [
                    0.46406416593105765,
                    0.8857354784050906,
                    -0.010821838716981025,
                    -7.0684157658226
                ],
                [
                    0.0,
                    0.012217000835247158,
                    0.9999253696604514,
                    24.99999999999998
                ],
                [
                    0.0,
                    0.0,
                    0.0,
                    1.0
                ]
            ],
            "fov": 50,
            "aspect": 1
        },
        {
            "camera_to_world": [
                [
                    0.8839310196796477,
                    -0.4675824156632086,
                    0.0057128811169618625,
                    4.284343994855477
                ],
                [
                    0.46761731410213847,
                    0.8838650516075117,
                    -0.010798986005727134,
                    -6.89959836609161
                ],
                [
                    0.0,
                    0.012217000835247158,
                    0.9999253696604514,
                    24.99999999999998
                ],
                [
                    0.0,
                    0.0,
                    0.0,
                    1.0
                ]
            ],
            "fov": 50,
            "aspect": 1
        },
        {
            "camera_to_world": [
                [
                    0.9227988400390981,
                    -0.38525335177081155,
                    0.004706991804762414,
                    3.69113776013594
                ],
                [
                    0.38528210550516706,
                    0.9227299712483311,
                    -0.011273834199522775,
                    -7.224825488598691
                ],
                [
                    0.0,
                    0.012217000835247158,
                    0.9999253696604514,
                    24.99999999999998
                ],
                [
                    0.0,
                    0.0,
                    0.0,
                    1.0
                ]
            ],
            "fov": 50,
            "aspect": 1
        },
        {
            "camera_to_world": [
                [
                    0.9110321314294355,
                    -0.41230459502830114,
                    0.005037501532286827,
                    3.883732315192789
                ],
                [
                    0.4123353677568044,
                    0.9109641407921275,
                    -0.011130080310610418,
                    -6.8933419335928265
                ],
                [
                    0.0,
                    0.012217000835247157,
                    0.9999253696604513,
                    24.999999999999975
                ],
                [
                    0.0,
                    0.0,
                    0.0,
                    1.0
                ]
            ],
            "fov": 50,
            "aspect": 1
        },
        {
            "camera_to_world": [
                [
                    0.8546444126129621,
                    -0.5191750103385493,
                    0.006343234932722375,
                    4.643050870256941
                ],
                [
                    0.5192137594377142,
                    0.8545806302102557,
                    -0.01044119150273188,
                    -6.313262149759418
                ],
                [
                    0.0,
                    0.012217000835247157,
                    0.9999253696604513,
                    24.999999999999975
                ],
                [
                    0.0,
                    0.0,
                    0.0,
                    1.0
                ]
            ],
            "fov": 50,
            "aspect": 1
        },
        {
            "camera_to_world": [
                [
                    0.8895316376599582,
                    -0.4568394806337853,
                    0.00558162487503649,
                    4.180392149511558
                ],
                [
                    0.4568735772639871,
                    0.8894652516118006,
                    -0.010867408760270486,
                    -6.698659939700323
                ],
                [
                    0.0,
                    0.012217000835247157,
                    0.9999253696604513,
                    24.999999999999975
                ],
                [
                    0.0,
                    0.0,
                    0.0,
                    1.0
                ]
            ],
            "fov": 50,
            "aspect": 1
        },
        {
            "camera_to_world": [
                [
                    0.8542933248726913,
                    -0.5197524303910582,
                    0.006350289800493342,
                    4.725719661001551
                ],
                [
                    0.519791222586494,
                    0.854229568671782,
                    -0.010436902263515745,
                    -6.522873860496162
                ],
                [
                    0.0,
                    0.01221700083524716,
                    0.9999253696604515,
                    24.999999999999982
                ],
                [
                    0.0,
                    0.0,
                    0.0,
                    1.0
                ]
            ],
            "fov": 50,
            "aspect": 1
        },
        {
            "camera_to_world": [
                [
                    0.8988139147330025,
                    -0.43829769537245294,
                    0.005355082962111936,
                    4.0597271549002265
                ],
                [
                    0.4383304081196452,
                    0.8987468359453551,
                    -0.010980810347024864,
                    -6.834742126465065
                ],
                [
                    0.0,
                    0.012217000835247158,
                    0.9999253696604514,
                    24.99999999999998
                ],
                [
                    0.0,
                    0.0,
                    0.0,
                    1.0
                ]
            ],
            "fov": 50,
            "aspect": 1
        },
        {
            "camera_to_world": [
                [
                    0.8577112972033457,
                    -0.5140932579290233,
                    0.0062811465256117725,
                    4.735786220992614
                ],
                [
                    0.5141316277469745,
                    0.8576472859180009,
                    -0.010478659634334203,
                    -6.525113316081388
                ],
                [
                    0.0,
                    0.012217000835247158,
                    0.9999253696604514,
                    24.99999999999998
                ],
                [
                    0.0,
                    0.0,
                    0.0,
                    1.0
                ]
            ],
            "fov": 50,
            "aspect": 1
        },
        {
            "camera_to_world": [
                [
                    0.946357311522892,
                    -0.3230979039296626,
                    0.003947581971558228,
                    3.2840473831632675
                ],
                [
                    0.32312201863562884,
                    0.9462866845553989,
                    -0.011561648065317431,
                    -7.238688597590441
                ],
                [
                    0.0,
                    0.012217000835247158,
                    0.9999253696604514,
                    24.99999999999998
                ],
                [
                    0.0,
                    0.0,
                    0.0,
                    1.0
                ]
            ],
            "fov": 50,
            "aspect": 1
        },
        {
            "camera_to_world": [
                [
                    0.9862103061417062,
                    -0.16548457353195853,
                    0.0020218760663578152,
                    2.0605547801097175
                ],
                [
                    0.1654969246236373,
                    0.9861367049316926,
                    -0.012048532133862585,
                    -7.727427685913643
                ],
                [
                    0.0,
                    0.012217000835247158,
                    0.9999253696604514,
                    24.99999999999998
                ],
                [
                    0.0,
                    0.0,
                    0.0,
                    1.0
                ]
            ],
            "fov": 50,
            "aspect": 1
        },
        {
            "camera_to_world": [
                [
                    0.9862375665896965,
                    -0.16532205627146462,
                    0.0020198904446629977,
                    2.23447392011985
                ],
                [
                    0.1653343952335198,
                    0.9861639633452264,
                    -0.012048865174778451,
                    -7.789602063433326
                ],
                [
                    0.0,
                    0.012217000835247158,
                    0.9999253696604514,
                    24.99999999999998
                ],
                [
                    0.0,
                    0.0,
                    0.0,
                    1.0
                ]
            ],
            "fov": 50,
            "aspect": 1
        },
        {
            "camera_to_world": [
                [
                    0.9786156345957191,
                    -0.20568209578437388,
                    0.0025130058824753792,
                    2.5286029250265094
                ],
                [
                    0.2056974470546917,
                    0.9785426001786217,
                    -0.011955748025241832,
                    -7.725383029963745
                ],
                [
                    0.0,
                    0.012217000835247158,
                    0.9999253696604514,
                    24.99999999999998
                ],
                [
                    0.0,
                    0.0,
                    0.0,
                    1.0
                ]
            ],
            "fov": 50,
            "aspect": 1
        },
        {
            "camera_to_world": [
                [
                    0.9789682779075647,
                    -0.20399730068616886,
                    0.0024924212031117777,
                    2.332659336866903
                ],
                [
                    0.20401252621027194,
                    0.9788952171725772,
                    -0.011960056268877193,
                    -7.699669995975951
                ],
                [
                    0.0,
                    0.012217000835247158,
                    0.9999253696604514,
                    24.99999999999998
                ],
                [
                    0.0,
                    0.0,
                    0.0,
                    1.0
                ]
            ],
            "fov": 50,
            "aspect": 1
        },
        {
            "camera_to_world": [
                [
                    0.961134297338404,
                    -0.2760606566076438,
                    0.003372884991906668,
                    3.0665821429783873
                ],
                [
                    0.2760812606458686,
                    0.9610625675594419,
                    -0.011742178513367976,
                    -7.447248815157306
                ],
                [
                    0.0,
                    0.012217000835247158,
                    0.9999253696604514,
                    24.99999999999998
                ],
                [
                    0.0,
                    0.0,
                    0.0,
                    1.0
                ]
            ],
            "fov": 50,
            "aspect": 1
        },
        {
            "camera_to_world": [
                [
                    0.9658149594674775,
                    -0.25921310519910584,
                    0.0031670430802249283,
                    2.846081455572125
                ],
                [
                    0.25923245180500587,
                    0.9657428803691114,
                    -0.011799362166508377,
                    -7.489241694141528
                ],
                [
                    0.0,
                    0.012217000835247162,
                    0.9999253696604516,
                    24.999999999999986
                ],
                [
                    0.0,
                    0.0,
                    0.0,
                    1.0
                ]
            ],
            "fov": 50,
            "aspect": 1
        },
        {
            "camera_to_world": [
                [
                    0.8717010016081658,
                    -0.4900015531269408,
                    0.005986796180455997,
                    4.511274695877961
                ],
                [
                    0.49003812483858905,
                    0.8716359462664309,
                    -0.010649571864732749,
                    -6.5343525737088175
                ],
                [
                    0.0,
                    0.012217000835247162,
                    0.9999253696604516,
                    24.999999999999986
                ],
                [
                    0.0,
                    0.0,
                    0.0,
                    1.0
                ]
            ],
            "fov": 50,
            "aspect": 1
        },
        {
            "camera_to_world": [
                [
                    0.8655079858253582,
                    -0.5008577432500926,
                    0.006119436163225096,
                    4.644053180191416
                ],
                [
                    0.500895125223366,
                    0.8654433926704941,
                    -0.01057391178574149,
                    -6.327297895700693
                ],
                [
                    0.0,
                    0.01221700083524716,
                    0.9999253696604515,
                    24.999999999999982
                ],
                [
                    0.0,
                    0.0,
                    0.0,
                    1.0
                ]
            ],
            "fov": 50,
            "aspect": 1
        },
        {
            "camera_to_world": [
                [
                    0.8997241395024332,
                    -0.436426443086022,
                    0.005332220165107348,
                    4.36767945986244
                ],
                [
                    0.4364590161705976,
                    0.8996569927844023,
                    -0.01099193056379326,
                    -6.532460983160517
                ],
                [
                    0.0,
                    0.01221700083524716,
                    0.9999253696604515,
                    24.999999999999982
                ],
                [
                    0.0,
                    0.0,
                    0.0,
                    1.0
                ]
            ],
            "fov": 50,
            "aspect": 1
        },
        {
            "camera_to_world": [
                [
                    0.8647663915817294,
                    -0.5021368827056484,
                    0.006135064577375874,
                    4.905767372565211
                ],
                [
                    0.5021743601486587,
                    0.8647018537722956,
                    -0.010564851728247662,
                    -6.128420578800039
                ],
                [
                    0.0,
                    0.012217000835247158,
                    0.9999253696604514,
                    24.99999999999998
                ],
                [
                    0.0,
                    0.0,
                    0.0,
                    1.0
                ]
            ],
            "fov": 50,
            "aspect": 1
        },
        {
            "camera_to_world": [
                [
                    0.8761377270875453,
                    -0.48202489445159097,
                    0.005889338061424251,
                    4.76526079443424
                ],
                [
                    0.482060870818063,
                    0.8760723406314816,
                    -0.010703775343620091,
                    -6.495460713802644
                ],
                [
                    0.0,
                    0.012217000835247157,
                    0.9999253696604513,
                    24.999999999999975
                ],
                [
                    0.0,
                    0.0,
                    0.0,
                    1.0
                ]
            ],
            "fov": 50,
            "aspect": 1
        },
        {
            "camera_to_world": [
                [
                    0.8894377316700186,
                    -0.4570222554881788,
                    0.00558385800224432,
                    4.513160480777312
                ],
                [
                    0.4570563657599481,
                    0.8893713526300969,
                    -0.010866261510712958,
                    -6.603487686345081
                ],
                [
                    0.0,
                    0.012217000835247157,
                    0.9999253696604513,
                    24.999999999999975
                ],
                [
                    0.0,
                    0.0,
                    0.0,
                    1.0
                ]
            ],
            "fov": 50,
            "aspect": 1
        },
        {
            "camera_to_world": [
                [
                    0.9442742075011065,
                    -0.32913530625121357,
                    0.004021346425829608,
                    3.7380672483011117
                ],
                [
                    0.32915987156419396,
                    0.944203735996374,
                    -0.01153619878174337,
                    -7.078075908568087
                ],
                [
                    0.0,
                    0.012217000835247155,
                    0.9999253696604512,
                    24.99999999999997
                ],
                [
                    0.0,
                    0.0,
                    0.0,
                    1.0
                ]
            ],
            "fov": 50,
            "aspect": 1
        },
        {
            "camera_to_world": [
                [
                    0.9731616948157569,
                    -0.23010521885134003,
                    0.0028114054670461655,
                    2.9989261127433697
                ],
                [
                    0.23012239296366443,
                    0.9730890674280374,
                    -0.011889117238394645,
                    -7.399593946243505
                ],
                [
                    0.0,
                    0.012217000835247155,
                    0.9999253696604512,
                    24.99999999999997
                ],
                [
                    0.0,
                    0.0,
                    0.0,
                    1.0
                ]
            ],
            "fov": 50,
            "aspect": 1
        },
        {
            "camera_to_world": [
                [
                    0.9686186020871534,
                    -0.2485332633834524,
                    0.0030365577056749734,
                    3.0364764435326315
                ],
                [
                    0.2485518128896436,
                    0.9685463137519869,
                    -0.01183361427073469,
                    -7.4065110496307005
                ],
                [
                    0.0,
                    0.012217000835247155,
                    0.9999253696604512,
                    24.99999999999997
                ],
                [
                    0.0,
                    0.0,
                    0.0,
                    1.0
                ]
            ],
            "fov": 50,
            "aspect": 1
        },
        {
            "camera_to_world": [
                [
                    0.9760169677044959,
                    -0.21767821531363185,
                    0.002659573423169377,
                    2.741853541044871
                ],
                [
                    0.217694461925243,
                    0.975944127226791,
                    -0.011924000109661227,
                    -7.707084752231757
                ],
                [
                    0.0,
                    0.012217000835247155,
                    0.9999253696604512,
                    24.99999999999997
                ],
                [
                    0.0,
                    0.0,
                    0.0,
                    1.0
                ]
            ],
            "fov": 50,
            "aspect": 1
        },
        {
            "camera_to_world": [
                [
                    0.9875986083022933,
                    -0.15698824762332278,
                    0.001918068698456366,
                    2.1846504615333115
                ],
                [
                    0.15699996458398865,
                    0.9875249034828181,
                    -0.01206549302251805,
                    -7.802096849847069
                ],
                [
                    0.0,
                    0.012217000835247155,
                    0.9999253696604512,
                    24.99999999999997
                ],
                [
                    0.0,
                    0.0,
                    0.0,
                    1.0
                ]
            ],
            "fov": 50,
            "aspect": 1
        },
        {
            "camera_to_world": [
                [
                    0.9885920220463903,
                    -0.15060686562234385,
                    0.0018401015305041573,
                    2.1132042923328753
                ],
                [
                    0.15061810630275924,
                    0.9885182430881101,
                    -0.01207762955905943,
                    -7.791888701799012
                ],
                [
                    0.0,
                    0.012217000835247153,
                    0.9999253696604511,
                    24.999999999999968
                ],
                [
                    0.0,
                    0.0,
                    0.0,
                    1.0
                ]
            ],
            "fov": 50,
            "aspect": 1
        },
        {
            "camera_to_world": [
                [
                    0.9722118834293917,
                    -0.2340851852075246,
                    0.0028600323483845944,
                    2.982538551071968
                ],
                [
                    0.23410265636825844,
                    0.9721393269264184,
                    -0.011877513391894095,
                    -7.654614253222095
                ],
                [
                    0.0,
                    0.012217000835247153,
                    0.9999253696604511,
                    24.999999999999968
                ],
                [
                    0.0,
                    0.0,
                    0.0,
                    1.0
                ]
            ],
            "fov": 50,
            "aspect": 1
        },
        {
            "camera_to_world": [
                [
                    0.983294957742816,
                    -0.1820057172251232,
                    0.00222372995708085,
                    2.5879338978164954
                ],
                [
                    0.18201930138739,
                    0.9832215741062434,
                    -0.012012915320038306,
                    -7.80875130940132
                ],
                [
                    0.0,
                    0.012217000835247153,
                    0.9999253696604511,
                    24.999999999999968
                ],
                [
                    0.0,
                    0.0,
                    0.0,
                    1.0
                ]
            ],
            "fov": 50,
            "aspect": 1
        },
        {
            "camera_to_world": [
                [
                    0.9906227060818724,
                    -0.13661576812913626,
                    0.0016691595232835737,
                    2.241432422116115
                ],
                [
                    0.13662596457126325,
                    0.9905487755729533,
                    -0.012102438427617039,
                    -7.900747534337031
                ],
                [
                    0.0,
                    0.012217000835247153,
                    0.9999253696604511,
                    24.999999999999968
                ],
                [
                    0.0,
                    0.0,
                    0.0,
                    1.0
                ]
            ],
            "fov": 50,
            "aspect": 1
        },
        {
            "camera_to_world": [
                [
                    0.9918092966945147,
                    -0.12771798618388197,
                    0.0015604472005889994,
                    2.20698960434837
                ],
                [
                    0.1277275185319596,
                    0.9917352776299353,
                    -0.012116935006122787,
                    -7.9370441825543185
                ],
                [
                    0.0,
                    0.012217000835247153,
                    0.9999253696604511,
                    24.999999999999968
                ],
                [
                    0.0,
                    0.0,
                    0.0,
                    1.0
                ]
            ],
            "fov": 50,
            "aspect": 1
        },
        {
            "camera_to_world": [
                [
                    0.9689949462391447,
                    -0.24706210214953064,
                    0.0030185831862068776,
                    3.2274831863972717
                ],
                [
                    0.24708054185426492,
                    0.9689226298172864,
                    -0.011838212067553911,
                    -7.787587331102386
                ],
                [
                    0.0,
                    0.012217000835247157,
                    0.9999253696604513,
                    24.999999999999975
                ],
                [
                    0.0,
                    0.0,
                    0.0,
                    1.0
                ]
            ],
            "fov": 50,
            "aspect": 1
        },
        {
            "camera_to_world": [
                [
                    0.9861927736994106,
                    -0.16558900917282568,
                    0.0020231520518967532,
                    2.5452230763238006
                ],
                [
                    0.16560136805915354,
                    0.9861191737978493,
                    -0.012048317940000415,
                    -7.832000465942099
                ],
                [
                    0.0,
                    0.012217000835247157,
                    0.9999253696604513,
                    24.999999999999975
                ],
                [
                    0.0,
                    0.0,
                    0.0,
                    1.0
                ]
            ],
            "fov": 50,
            "aspect": 1
        },
        {
            "camera_to_world": [
                [
                    0.9814864444286194,
                    -0.19151732056080564,
                    0.0023399418959138773,
                    2.8665107455471786
                ],
                [
                    0.19153161463023965,
                    0.9814131957620096,
                    -0.01199082071136821,
                    -7.6190995308566585
                ],
                [
                    0.0,
                    0.012217000835247155,
                    0.9999253696604512,
                    24.99999999999997
                ],
                [
                    0.0,
                    0.0,
                    0.0,
                    1.0
                ]
            ],
            "fov": 50,
            "aspect": 1
        },
        {
            "camera_to_world": [
                [
                    0.980298484985456,
                    -0.19750710661894325,
                    0.002413124578837572,
                    2.970834877261599
                ],
                [
                    0.19752184774150833,
                    0.9802253249766628,
                    -0.011976307409858843,
                    -7.53740939969419
                ],
                [
                    0.0,
                    0.012217000835247155,
                    0.9999253696604512,
                    24.99999999999997
                ],
                [
                    0.0,
                    0.0,
                    0.0,
                    1.0
                ]
            ],
            "fov": 50,
            "aspect": 1
        },
        {
            "camera_to_world": [
                [
                    0.9821573433989971,
                    -0.18804699973414582,
                    0.0022975418191438727,
                    2.7870676473765212
                ],
                [
                    0.18806103479302816,
                    0.9820840446629693,
                    -0.01199901708464968,
                    -7.478287667854127
                ],
                [
                    0.0,
                    0.012217000835247153,
                    0.9999253696604511,
                    24.999999999999968
                ],
                [
                    0.0,
                    0.0,
                    0.0,
                    1.0
                ]
            ],
            "fov": 50,
