{
    "camera_type": "perspective",
    "render_height": 540,
    "render_width": 960,
    "fps": 24,
    "seconds": 1,
    "smoothness_value": 0.5,
    "is_cycle": false,
    "crop": null,
    "camera_path": [
        {
            "camera_to_world": [
                1.0,
                0.0,
                0.0,
                0.0,
                0.0,
                0.7648421872844884,
                -0.644217687237691,
                -0.36,
                0.0,
                0.644217687237691,
                0.7648421872844884,
                0.0,
                0.0,
                0.0,
                0.0,
                1.0
            ],
            "fov": 50,
            "aspect": 1
        },
        {
            "camera_to_world": [
                0.9987502603949664,
                -0.0382261771436473,
                0.03219746483761747,
                0.017992500937444197,
                0.04997916927067833,
                0.7638863337114384,
                -0.643412582879687,
                -0.3595500937421879,
                0.0,
                0.6442176872376911,
                0.7648421872844886,
                0.0,
                0.0,
                0.0,
                0.0,
                1.0
            ],
            "fov": 50,
            "aspect": 1
        },
        {
            "camera_to_world": [
                0.995004165278026,
                -0.07635680875224371,
                0.06431445278125644,
                0.035940029992858134,
                0.09983341664682817,
                0.7610211621284221,
                -0.6409992821472792,
                -0.35820149950008934,
                0.0,
                0.6442176872376912,
                0.7648421872844888,
                0.0,
                0.0,
                0.0,
                0.0,
                1.0
            ],
            "fov": 50,
            "aspect": 1
        },
        {
            "camera_to_world": [
                0.9887710779360427,
                -0.1142965881048168,
                0.0962706880872618,
                0.053797727690495734,
                0.14943813247359927,
                0.7562538339722443,
                -0.6369838170354761,
                -0.35595758805697536,
                0.0,
                0.6442176872376913,
                0.764842187284489,
                0.0,
                0.0,
                0.0,
                0.0,
                1.0
            ],
            "fov": 50,
            "aspect": 1
        },
        {
            "camera_to_world": [
                0.9800665778412422,
                -0.15195068551164026,
                0.12798629680985418,
                0.07152095908622207,
                0.1986693307950613,
                0.749596265080519,
                -0.6313762241158435,
                -0.35282396802284716,
                0.0,
                0.6442176872376915,
                0.7648421872844893,
                0.0,
                0.0,
                0.0,
                0.0,
                1.0
            ],
            "fov": 50,
            "aspect": 1
        },
        {
            "camera_to_world": [
                0.9689124217106455,
                -0.18922498533907187,
                0.1593820064443968,
                0.0890654253316283,
                0.24740395925452308,
                0.7410650959082807,
                -0.6241905194503024,
                -0.34880847181583235,
                0.0,
                0.6442176872376916,
                0.7648421872844895,
                0.0,
                0.0,
                0.0,
                0.0,
                1.0
            ],
            "fov": 50,
            "aspect": 1
        },
        {
            "camera_to_world": [
                0.9553364891256069,
                -0.22602632124962316,
                0.1903793440673728,
                0.10638727439808232,
                0.2955202066613398,
                0.730681649935513,
                -0.615444663558274,
                -0.34392113608521846,
                0.0,
                0.6442176872376917,
                0.7648421872844897,
                0.0,
                0.0,
                0.0,
                0.0,
                1.0
            ],
            "fov": 50,
            "aspect": 1
        },
        {
            "camera_to_world": [
                0.9393727128473799,
                -0.262262709069283,
                0.22090083247782613,
                0.12344321068396259,
                0.3428978074554517,
                0.7184718803695537,
                -0.6051605165247347,
                -0.3381741766250568,
                0.0,
                0.6442176872376918,
                0.7648421872844899,
                0.0,
                0.0,
                0.0,
                0.0,
                1.0
            ],
            "fov": 50,
            "aspect": 1
        },
        {
            "camera_to_world": [
                0.9210609940028862,
                -0.2978435767000482,
                0.2508701838500145,
                0.14019060323111432,
                0.3894183423086509,
                0.7044663052755925,
                -0.5933637833613881,
                -0.33158195784103905,
                0.0,
                0.6442176872376919,
                0.7648421872844902,
                0.0,
                0.0,
                0.0,
                0.0,
                1.0
            ],
            "fov": 50,
            "aspect": 1
        },
        {
            "camera_to_world": [
                0.9004471023526782,
                -0.33267999050299946,
                0.28021249041324403,
                0.15658759228004304,
                0.43496553411123073,
                0.6886999312974019,
                -0.5800839497575226,
                -0.32416095684696417,
                0.0,
                0.644217687237692,
                0.7648421872844904,
                0.0,
                0.0,
                0.0,
                0.0,
                1.0
            ],
            "fov": 50,
            "aspect": 1
        },
        {
            "camera_to_world": [
                0.8775825618903742,
                -0.36668487758608304,
                0.3088544116822844,
                0.1725931938975133,
                0.47942553860420367,
                0.6712121661589585,
                -0.5653542083811445,
                -0.3159297222805347,
                0.0,
                0.6442176872376921,
                0.7648421872844906,
                0.0,
                0.0,
                0.0,
                0.0,
                1.0
            ],
            "fov": 50,
            "aspect": 1
        },
        {
            "camera_to_world": [
                0.8525245220595072,
                -0.3997732434409941,
                0.33672435777038723,
                0.18816740241503757,
                0.52268722893066,
                0.6520467201656565,
                -0.5492113759145935,
                -0.3069088279414226,
                0.0,
                0.6442176872376922,
                0.7648421872844908,
                0.0,
                0.0,
                0.0,
                0.0,
                1.0
            ],
            "fov": 50,
            "aspect": 1
        },
        {
            "camera_to_world": [
                0.8253356149096799,
                -0.4318623843851831,
                0.3637526683267197,
                0.20327129042221306,
                0.5646424733950364,
                0.6312514969513077,
                -0.5316958010320113,
                -0.29712082136748474,
                0.0,
                0.6442176872376923,
                0.764842187284491,
                0.0,
                0.0,
                0.0,
                0.0,
                1.0
            ],
            "fov": 50,
            "aspect": 1
        },
        {
            "camera_to_world": [
                0.7960837985490574,
                -0.46287209427799114,
                0.38987178665096295,
                0.21786710606497464,
                0.6051864057360408,
                0.608878473744005,
                -0.5128512635486695,
                -0.2865901674776607,
                0.0,
                0.6442176872376925,
                0.7648421872844913,
                0.0,
                0.0,
                0.0,
                0.0,
                1.0
            ],
            "fov": 50,
            "aspect": 1
        },
        {
            "camera_to_world": [
                0.76484218728449,
                -0.49272486499423096,
                0.41501642854988025,
                0.23191836740556923,
                0.6442176872376925,
                0.5849835714501217,
                -0.49272486499423096,
                -0.2753431874224165,
                0.0,
                0.6442176872376926,
                0.7648421872844915,
                0.0,
                0.0,
                0.0,
                0.0,
                1.0
            ],
            "fov": 50,
            "aspect": 1
        },
        {
            "camera_to_world": [
                0.7316888688738226,
                -0.5213460801541344,
                0.4391237455138007,
                0.2453899536084008,
                0.6816387600233358,
                0.5596265148811677,
                -0.471366910883456,
                -0.26340799279457616,
                0.0,
                0.6442176872376927,
                0.7648421872844917,
                0.0,
                0.0,
                0.0,
                0.0,
                1.0
            ],
            "fov": 50,
            "aspect": 1
        },
        {
            "camera_to_world": [
                0.6967067093471672,
                -0.5486642016254424,
                0.4621334818051624,
                0.25824819272382876,
                0.7173560908995246,
                0.5328706834728656,
                -0.44883078497861406,
                -0.2508144153649802,
                0.0,
                0.6442176872376928,
                0.7648421872844919,
                0.0,
                0.0,
                0.0,
                0.0,
                1.0
            ],
            "fov": 50,
            "aspect": 1
        },
        {
            "camera_to_world": [
                0.6599831458849839,
                -0.5746109483314794,
                0.483988125066476,
                0.270460945850506,
                0.7512804051402947,
                0.5047829528695686,
                -0.4251728158578798,
                -0.23759393251859426,
                0.0,
                0.6442176872376929,
                0.7648421872844922,
                0.0,
                0.0,
                0.0,
                0.0,
                1.0
            ],
            "fov": 50,
            "aspect": 1
        },
        {
            "camera_to_world": [
                0.6216099682706662,
                -0.5991214669182847,
                0.5046330500712664,
                0.2819976874658947,
                0.7833269096274856,
                0.4754335277699777,
                -0.4004521361232229,
                -0.22377958857743988,
                0.0,
                0.644217687237693,
                0.7648421872844924,
                0.0,
                0.0,
                0.0,
                0.0,
                1.0
            ],
            "fov": 50,
            "aspect": 1
        },
        {
            "camera_to_world": [
                0.5816830894638851,
                -0.6221344938542226,
                0.5240166552586907,
                0.2928295817241753,
                0.8134155047893762,
                0.44489576645195666,
                -0.37473053459969885,
                -0.20940591220699872,
                0.0,
                0.6442176872376931,
                0.7648421872844926,
                0.0,
                0.0,
                0.0,
                0.0,
                1.0
            ],
            "fov": 50,
            "aspect": 1
        },
        {
            "camera_to_world": [
                0.5403023058681413,
                -0.6435925085569059,
                0.5420904917105668,
                0.3029295545308435,
                0.8414709848078992,
                0.41324599741504187,
                -0.3480723018955654,
                -0.19450883011253095,
                0.0,
                0.6442176872376932,
                0.7648421872844928,
                0.0,
                0.0,
                0.0,
                0.0,
                1.0
            ],
            "fov": 50,
            "aspect": 1
        },
        {
            "camera_to_world": [
                0.49757104789172857,
                -0.663441877164696,
                0.5588093842484371,
                0.31227236121384694,
                0.8674232255940197,
                0.3805633285989446,
                -0.3205440697092436,
                -0.17912557724102235,
                0.0,
                0.6442176872376933,
                0.764842187284493,
                0.0,
                0.0,
                0.0,
                0.0,
                1.0
            ],
            "fov": 50,
            "aspect": 1
        },
        {
            "camera_to_world": [
                0.45359612142557887,
                -0.681632986593425,
                0.5741315443479877,
                0.32083464962211766,
                0.8912073600614384,
                0.34692944965490013,
                -0.2922146442847731,
                -0.16329460371320847,
                0.0,
                0.6442176872376935,
                0.7648421872844933,
                0.0,
                0.0,
                0.0,
                0.0,
                1.0
            ],
            "fov": 50,
            "aspect": 1
        },
        {
            "camera_to_world": [
                0.40848744088415867,
                -0.6981203685432674,
                0.5880186745885967,
                0.3285950184937886,
                0.9127639402605243,
                0.3124284277640831,
                -0.2631548344320356,
                -0.14705547871829722,
                0.0,
                0.6442176872376936,
                0.7648421872844935,
                0.0,
                0.0,
                0.0,
                0.0,
                1.0
            ],
            "fov": 50,
            "aspect": 1
        }
    ]
}