{
    "camera_type": "perspective",
    "render_height": 1080,
    "render_width": 1920,
    "fps": 24,
    "seconds": 4,
    "smoothness_value": 0.5,
    "is_cycle": false,
    "crop": null,
    "camera_path": [
        {
            "transform_matrix": [
                [
                    1.0,
                    0.0,
                    0.0,
                    0.0
                ],
                [
                    0.0,
                    0.9999253696604521,
                    -0.012217000835247169,
                    -8.0
                ],
                [
                    0.0,
                    0.012217000835247169,
                    0.9999253696604521,
                    25.0
                ],
                [
                    0.0,
                    0.0,
                    0.0,
                    1.0
                ]
            ],
            "fov": 50,
            "aspect": 1
        },
        {
            "transform_matrix": [
                [
                    0.981846234056374,
                    0.18966444783635342,
                    -0.0023173036587923143,
                    -1.4040712175459777
                ],
                [
                    -0.18967860361494618,
                    0.9817729585385425,
                    -0.011995216261551008,
                    -8.061429958938893
                ],
                [
                    0.0,
                    0.012217000835247167,
                    0.999925369660452,
                    24.999999999999996
                ],
                [
                    0.0,
                    0.0,
                    0.0,
                    1.0
                ]
            ],
            "fov": 50,
            "aspect": 1
        },
        {
            "transform_matrix": [
                [
                    0.9818142447756584,
                    0.1898299488587988,
                    -0.0023193257358300598,
                    -1.3639446780022586
                ],
                [
                    -0.18984411698971093,
                    0.9817409716451978,
                    -0.011994825448481787,
                    -8.115452029415863
                ],
                [
                    0.0,
                    0.012217000835247167,
                    0.999925369660452,
                    24.999999999999996
                ],
                [
                    0.0,
                    0.0,
                    0.0,
                    1.0
                ]
            ],
            "fov": 50,
            "aspect": 1
        },
        {
            "transform_matrix": [
                [
                    0.9882027114832656,
                    0.1531401324887642,
                    -0.0018710527638281715,
                    -1.194152097034867
                ],
                [
                    -0.15315156224185664,
                    0.9881289615793655,
                    -0.012072873351584574,
                    -8.181785775626741
                ],
                [
                    0.0,
                    0.012217000835247167,
                    0.999925369660452,
                    24.999999999999996
                ],
                [
                    0.0,
                    0.0,
                    0.0,
                    1.0
                ]
            ],
            "fov": 50,
            "aspect": 1
        },
        {
            "transform_matrix": [
                [
                    0.9948712809899896,
                    0.1011415207136664,
                    -0.0012357382666034606,
                    -0.8590669120087651
                ],
                [
                    -0.10114906950306839,
                    0.9947970334084829,
                    -0.012154343270818125,
                    -8.137213058527664
                ],
                [
                    0.0,
                    0.012217000835247167,
                    0.999925369660452,
                    24.999999999999996
                ],
                [
                    0.0,
                    0.0,
                    0.0,
                    1.0
                ]
            ],
            "fov": 50,
            "aspect": 1
        },
        {
            "transform_matrix": [
                [
                    0.9956742026569065,
                    0.09290637040462271,
                    -0.0011351219193673294,
                    -0.7766121130560104
                ],
                [
                    -0.09291330455609026,
                    0.9955998951530832,
                    -0.012164152565493486,
                    -8.22909851755448
                ],
                [
                    0.0,
                    0.012217000835247165,
                    0.9999253696604519,
                    24.999999999999993
                ],
                [
                    0.0,
                    0.0,
                    0.0,
                    1.0
                ]
            ],
            "fov": 50,
            "aspect": 1
        },
        {
            "transform_matrix": [
                [
                    0.9766673864764878,
                    0.21474154797271952,
                    -0.0026236934780801235,
                    -1.8454275358879568
                ],
                [
                    -0.21475757540349236,
                    0.9765944974578097,
                    -0.01193194627634192,
                    -8.088577110873553
                ],
                [
                    0.0,
                    0.012217000835247169,
                    0.9999253696604521,
                    25.0
                ],
                [
                    0.0,
                    0.0,
                    0.0,
                    1.0
                ]
            ],
            "fov": 50,
            "aspect": 1
        },
        {
            "transform_matrix": [
                [
                    0.9669363080470615,
                    0.25499895979638176,
                    -0.0031155550197485594,
                    -2.1325591948532265
                ],
                [
                    -0.2550179918757063,
                    0.9668641452620709,
                    -0.011813061683041765,
                    -7.926506815165677
                ],
                [
                    0.0,
                    0.012217000835247167,
                    0.999925369660452,
                    24.999999999999996
                ],
                [
                    0.0,
                    0.0,
                    0.0,
                    1.0
                ]
            ],
            "fov": 50,
            "aspect": 1
        },
        {
            "transform_matrix": [
                [
                    0.9752492714211536,
                    0.22109174946291088,
                    -0.0027012796852747666,
                    -1.8019792924641962
                ],
                [
                    -0.22110825084674846,
                    0.9751764882368837,
                    -0.011914621163526427,
                    -7.781222129221589
                ],
                [
                    0.0,
                    0.012217000835247165,
                    0.9999253696604519,
                    24.999999999999993
                ],
                [
                    0.0,
                    0.0,
                    0.0,
                    1.0
                ]
            ],
            "fov": 50,
            "aspect": 1
        },
        {
            "transform_matrix": [
                [
                    0.9918485755891038,
                    0.1274126356989137,
                    -0.0015567164550322917,
                    -0.9869765080606208
                ],
                [
                    -0.1274221452568802,
                    0.9917745535931276,
                    -0.012117414876410796,
                    -7.956991155466104
                ],
                [
                    0.0,
                    0.012217000835247165,
                    0.9999253696604519,
                    24.999999999999993
                ],
                [
                    0.0,
                    0.0,
                    0.0,
                    1.0
                ]
            ],
            "fov": 50,
            "aspect": 1
        },
        {
            "transform_matrix": [
                [
                    0.9993063167502783,
                    0.037238129696246465,
                    -0.00045497221633307645,
                    -0.22738873139738858
                ],
                [
                    -0.03724090899793013,
                    0.999231738180547,
                    -0.012208526106405923,
                    -8.149354820511922
                ],
                [
                    0.0,
                    0.012217000835247165,
                    0.9999253696604519,
                    24.999999999999993
                ],
                [
                    0.0,
                    0.0,
                    0.0,
                    1.0
                ]
            ],
            "fov": 50,
            "aspect": 1
        },
        {
            "transform_matrix": [
                [
                    0.9956552461387647,
                    0.09310927290233405,
                    -0.0011376009643633133,
                    -0.7369071675258626
                ],
                [
                    -0.09311622219761415,
                    0.9955809400496729,
                    -0.012163920973695515,
                    -8.089799504551127
                ],
                [
                    0.0,
                    0.012217000835247165,
                    0.9999253696604519,
                    24.999999999999993
                ],
                [
                    0.0,
                    0.0,
                    0.0,
                    1.0
                ]
            ],
            "fov": 50,
            "aspect": 1
        },
        {
            "transform_matrix": [
                [
                    0.9986677791497678,
                    0.05159718472390032,
                    -0.0006304098965729295,
                    -0.3139001778331423
                ],
                [
                    -0.0516010357267177,
                    0.9985932482343145,
                    -0.01220072509200715,
                    -7.954900387371152
                ],
                [
                    0.0,
                    0.012217000835247164,
                    0.9999253696604518,
                    24.99999999999999
                ],
                [
                    0.0,
                    0.0,
                    0.0,
                    1.0
                ]
            ],
            "fov": 50,
            "aspect": 1
        },
        {
            "transform_matrix": [
                [
                    0.9830953485681649,
                    0.1830806709203894,
                    -0.0022368636474455416,
                    -1.3333268044432487
                ],
                [
                    -0.18309433531280314,
                    0.9830219798284936,
                    -0.012010476694584878,
                    -7.851812032755454
                ],
                [
                    0.0,
                    0.012217000835247162,
                    0.9999253696604516,
                    24.999999999999986
                ],
                [
                    0.0,
                    0.0,
                    0.0,
                    1.0
                ]
            ],
            "fov": 50,
            "aspect": 1
        },
        {
            "transform_matrix": [
                [
                    0.9161569702765209,
                    0.4007897541408935,
                    -0.004896814212005149,
                    -3.047315781977398
                ],
                [
                    -0.4008196674487726,
                    0.9160885971707502,
                    -0.011192690471085771,
                    -7.373005145399606
                ],
                [
                    0.0,
                    0.01221700083524716,
                    0.9999253696604515,
                    24.999999999999982
                ],
                [
                    0.0,
                    0.0,
                    0.0,
                    1.0
                ]
            ],
            "fov": 50,
            "aspect": 1
        },
        {
            "transform_matrix": [
                [
                    0.8935118502256465,
                    0.44900610042348127,
                    -0.005485917319777053,
                    -3.4376424247520085
                ],
                [
                    -0.4490396124022253,
                    0.8934451671328743,
                    -0.010916035020509966,
                    -7.26638209082281
                ],
                [
                    0.0,
                    0.01221700083524716,
                    0.9999253696604515,
                    24.999999999999982
                ],
                [
                    0.0,
                    0.0,
                    0.0,
                    1.0
                ]
            ],
            "fov": 50,
            "aspect": 1
        },
        {
            "transform_matrix": [
                [
                    0.9373368861821604,
                    0.34839839594557803,
                    -0.004256701173319821,
                    -2.6371971858103533
                ],
                [
                    -0.34842439897678046,
                    0.9372669324120739,
                    -0.011451445521395433,
                    -7.553761293545176
                ],
                [
                    0.0,
                    0.01221700083524716,
                    0.9999253696604515,
                    24.999999999999982
                ],
                [
                    0.0,
                    0.0,
                    0.0,
                    1.0
                ]
            ],
            "fov": 50,
            "aspect": 1
        },
        {
            "transform_matrix": [
                [
                    0.9513895076138862,
                    0.30796728196404416,
                    -0.0037627173538572704,
                    -2.3754878991774926
                ],
                [
                    -0.30799026738227636,
                    0.9513185050918906,
                    -0.011623126409164238,
                    -7.570312458697724
                ],
                [
                    0.0,
                    0.01221700083524716,
                    0.9999253696604515,
                    24.999999999999982
                ],
                [
                    0.0,
                    0.0,
                    0.0,
                    1.0
                ]
            ],
            "fov": 50,
            "aspect": 1
        },
        {
            "transform_matrix": [
                [
                    0.8908319535489169,
                    0.45429904416670924,
                    -0.005550586044157844,
                    -3.614576135108562
                ],
                [
                    -0.4543329511891243,
                    0.8907654704577433,
                    -0.010883294720571982,
                    -7.136354927275498
                ],
                [
                    0.0,
                    0.01221700083524716,
                    0.9999253696604515,
                    24.999999999999982
                ],
                [
                    0.0,
                    0.0,
                    0.0,
                    1.0
                ]
            ],
            "fov": 50,
            "aspect": 1
        },
        {
            "transform_matrix": [
                [
                    0.9022577200073235,
                    0.4311649980395433,
                    -0.005267936289052414,
                    -3.419978265726416
                ],
                [
                    -0.4311971784313817,
                    0.9021903842073197,
                    -0.011022883318937676,
                    -7.255309579195731
                ],
                [
                    0.0,
                    0.01221700083524716,
                    0.9999253696604515,
                    24.999999999999982
                ],
                [
                    0.0,
                    0.0,
                    0.0,
                    1.0
                ]
            ],
            "fov": 50,
            "aspect": 1
        },
        {
            "transform_matrix": [
                [
                    0.8311035051903342,
                    0.5560762573477145,
                    -0.006794091145807279,
                    -4.431760598643452
                ],
                [
                    -0.556117760605017,
                    0.8310414796535425,
                    -0.01015359221708716,
                    -6.773879939725831
                ],
                [
                    0.0,
                    0.012217000835247164,
                    0.9999253696604518,
                    24.99999999999999
                ],
                [
                    0.0,
                    0.0,
                    0.0,
                    1.0
                ]
            ],
            "fov": 50,
            "aspect": 1
        },
        {
            "transform_matrix": [
                [
                    0.8731352570593182,
                    0.4874416423208722,
                    -0.005955519413804385,
                    -3.6569549775657615
                ],
                [
                    -0.4874780229712487,
                    0.8730700946786126,
                    -0.010667094164777438,
                    -7.017122819613537
                ],
                [
                    0.0,
                    0.012217000835247162,
                    0.9999253696604516,
                    24.999999999999986
                ],
                [
                    0.0,
                    0.0,
                    0.0,
                    1.0
                ]
            ],
            "fov": 50,
            "aspect": 1
        },
        {
            "transform_matrix": [
                [
                    0.8961126889155349,
                    0.44379347470115976,
                    -0.005422229913960898,
                    -3.3738084949306075
                ],
                [
                    -0.4438265976308413,
                    0.8960458117212879,
                    -0.010947809468956673,
                    -7.311049390611663
                ],
                [
                    0.0,
                    0.012217000835247162,
                    0.9999253696604516,
                    24.999999999999986
                ],
                [
                    0.0,
                    0.0,
                    0.0,
                    1.0
                ]
            ],
            "fov": 50,
            "aspect": 1
        },
        {
            "transform_matrix": [
                [
                    0.8565411049867028,
                    0.5160402922834731,
                    -0.0063049352213047785,
                    -3.9746041824086222
                ],
                [
                    -0.5160788074201044,
                    0.8564771810332009,
                    -0.010464363395046078,
                    -7.025144354290324
                ],
                [
                    0.0,
                    0.012217000835247162,
                    0.9999253696604516,
                    24.999999999999986
                ],
                [
                    0.0,
                    0.0,
                    0.0,
                    1.0
                ]
            ],
            "fov": 50,
            "aspect": 1
        },
        {
            "transform_matrix": [
                [
                    0.8852067322683346,
                    0.4651631337409519,
                    -0.00568332254173045,
                    -3.7927823172940824
                ],
                [
                    -0.46519785161457483,
                    0.8851406689893353,
                    -0.010814571387488658,
                    -7.244498230810901
                ],
                [
                    0.0,
                    0.012217000835247162,
                    0.9999253696604516,
                    24.999999999999986
                ],
                [
                    0.0,
                    0.0,
                    0.0,
                    1.0
                ]
            ],
            "fov": 50,
            "aspect": 1
        },
        {
            "transform_matrix": [
                [
                    0.9271690938438046,
                    0.3746151656715249,
                    -0.004577015376116912,
                    -3.068905105001565
                ],
                [
                    -0.3746431254151839,
                    0.9270998988995127,
                    -0.01132722559390512,
                    -7.488026703570579
                ],
                [
                    0.0,
                    0.012217000835247162,
                    0.9999253696604516,
                    24.999999999999986
                ],
                [
                    0.0,
                    0.0,
                    0.0,
                    1.0
                ]
            ],
            "fov": 50,
            "aspect": 1
        },
        {
            "transform_matrix": [
                [
                    0.9055646269207153,
                    0.4241766702790862,
                    -0.005182553510820196,
                    -3.656118449042589
                ],
                [
                    -0.42420832909072526,
                    0.9054970443251256,
                    -0.011063283803460666,
                    -7.173967383096718
                ],
                [
                    0.0,
                    0.012217000835247165,
                    0.9999253696604519,
                    24.999999999999993
                ],
                [
                    0.0,
                    0.0,
                    0.0,
                    1.0
                ]
            ],
            "fov": 50,
            "aspect": 1
        },
        {
            "transform_matrix": [
                [
                    0.942626135912614,
                    0.3338253023989805,
                    -0.004078648389149162,
                    -2.752275663565737
                ],
                [
                    -0.33385021775408963,
                    0.9425557874040241,
                    -0.011516064289770214,
                    -7.506561893426212
                ],
                [
                    0.0,
                    0.012217000835247164,
                    0.9999253696604518,
                    24.99999999999999
                ],
                [
                    0.0,
                    0.0,
                    0.0,
                    1.0
                ]
            ],
            "fov": 50,
            "aspect": 1
        },
        {
            "transform_matrix": [
                [
                    0.953971928968785,
                    0.299873531842016,
                    -0.003663828621756515,
                    -2.456871921305721
                ],
                [
                    -0.29989591317584535,
                    0.9539007337198069,
                    -0.011654675853013998,
                    -7.639793919432776
                ],
                [
                    0.0,
                    0.012217000835247164,
                    0.9999253696604518,
                    24.99999999999999
                ],
                [
                    0.0,
                    0.0,
                    0.0,
                    1.0
                ]
            ],
            "fov": 50,
            "aspect": 1
        },
        {
            "transform_matrix": [
                [
                    0.9596736891965708,
                    0.28109538446643384,
                    -0.0034343988571633993,
                    -2.2834815872650176
                ],
                [
                    -0.2811163642761523,
                    0.9596020684232909,
                    -0.011724334262479236,
                    -7.705848047637888
                ],
                [
                    0.0,
                    0.012217000835247164,
                    0.9999253696604518,
                    24.99999999999999
                ],
                [
                    0.0,
                    0.0,
                    0.0,
                    1.0
                ]
            ],
            "fov": 50,
            "aspect": 1
        },
        {
            "transform_matrix": [
                [
                    0.9877439282392546,
                    0.1560714454460691,
                    -0.0019068672895261494,
                    -1.133898880145883
                ],
                [
                    -0.15608309398037057,
                    0.9876702125745036,
                    -0.01206726839630929,
                    -7.929187340041473
                ],
                [
                    0.0,
                    0.012217000835247164,
                    0.9999253696604518,
                    24.99999999999999
                ],
                [
                    0.0,
                    0.0,
                    0.0,
                    1.0
                ]
            ],
            "fov": 50,
            "aspect": 1
        },
        {
            "transform_matrix": [
                [
                    0.9871567711769168,
                    0.15974260516195232,
                    -0.0019517211983038625,
                    -1.0706211833586015
                ],
                [
                    -0.15975452769659865,
                    0.9870830993318968,
                    -0.012060095097988287,
                    -7.897499017919019
                ],
                [
                    0.0,
                    0.012217000835247164,
                    0.9999253696604518,
                    24.99999999999999
                ],
                [
                    0.0,
                    0.0,
                    0.0,
                    1.0
                ]
            ],
            "fov": 50,
            "aspect": 1
        },
        {
            "transform_matrix": [
                [
                    0.9616715579704256,
                    0.27418350137315095,
                    -0.0033499500731982096,
                    -1.9727442750079103
                ],
                [
                    -0.2742039653081873,
                    0.9615997880955205,
                    -0.01174874222695813,
                    -7.69827292736896
                ],
                [
                    0.0,
                    0.012217000835247164,
                    0.9999253696604518,
                    24.99999999999999
                ],
                [
                    0.0,
                    0.0,
                    0.0,
                    1.0
                ]
            ],
            "fov": 50,
            "aspect": 1
        },
        {
            "transform_matrix": [
                [
                    0.979186424564637,
                    0.20294777047657436,
                    -0.002479598134674593,
                    -1.3364678404264398
                ],
                [
                    -0.20296291766803556,
                    0.9791133475492909,
                    -0.011962721366768856,
                    -7.825848566611078
                ],
                [
                    0.0,
                    0.012217000835247167,
                    0.999925369660452,
                    24.999999999999996
                ],
                [
                    0.0,
                    0.0,
                    0.0,
                    1.0
                ]
            ],
            "fov": 50,
            "aspect": 1
        },
        {
            "transform_matrix": [
                [
                    0.9794691366836469,
                    0.2015791272060635,
                    -0.0024628761707297595,
                    -1.4378440347557648
                ],
                [
                    -0.20159417224758924,
                    0.9793960385693994,
                    -0.011966175260962934,
                    -7.945340031567708
                ],
                [
                    0.0,
                    0.012217000835247167,
                    0.999925369660452,
                    24.999999999999996
                ],
                [
                    0.0,
                    0.0,
                    0.0,
                    1.0
                ]
            ],
            "fov": 50,
            "aspect": 1
        },
        {
            "transform_matrix": [
                [
                    0.9670882399608035,
                    0.2544222342948081,
                    -0.0031085086379402586,
                    -1.89110277293958
                ],
                [
                    -0.2544412233297002,
                    0.9670160658370823,
                    -0.011814917835358848,
                    -8.003977127447822
                ],
                [
                    0.0,
                    0.012217000835247165,
                    0.9999253696604519,
                    24.999999999999993
                ],
                [
                    0.0,
                    0.0,
                    0.0,
                    1.0
                ]
            ],
            "fov": 50,
            "aspect": 1
        },
        {
            "transform_matrix": [
                [
                    0.990495089452024,
                    0.1375378273156193,
                    -0.0016804251618934194,
                    -0.8623268552110804
                ],
                [
                    -0.13754809257647246,
                    0.9904211684671775,
                    -0.012100879335143594,
                    -8.181372044836815
                ],
                [
                    0.0,
                    0.012217000835247165,
                    0.9999253696604519,
                    24.999999999999993
                ],
                [
                    0.0,
                    0.0,
                    0.0,
                    1.0
                ]
            ],
            "fov": 50,
            "aspect": 1
        },
        {
            "transform_matrix": [
                [
                    0.9708002431402188,
                    0.23987142129032077,
                    -0.0029307280754871704,
                    -1.7839299373305053
                ],
                [
                    -0.2398893243120481,
                    0.97072779198844,
                    -0.011860267381302206,
                    -8.037165533056383
                ],
                [
                    0.0,
                    0.012217000835247165,
                    0.9999253696604519,
                    24.999999999999993
                ],
                [
                    0.0,
                    0.0,
                    0.0,
                    1.0
                ]
            ],
            "fov": 50,
            "aspect": 1
        },
        {
            "transform_matrix": [
                [
                    0.9549952406916357,
                    0.29659898546911156,
                    -0.003623820500163987,
                    -2.290633269314937
                ],
                [
                    -0.2966211224041937,
                    0.954923969072556,
                    -0.011667177653186782,
                    -7.888147467735257
                ],
                [
                    0.0,
                    0.012217000835247164,
                    0.9999253696604518,
                    24.99999999999999
                ],
                [
                    0.0,
                    0.0,
                    0.0,
                    1.0
                ]
            ],
            "fov": 50,
            "aspect": 1
        },
        {
            "transform_matrix": [
                [
                    0.9273016725027932,
                    0.37428691641588835,
                    -0.0045730048553801065,
                    -3.0565102148598786
                ],
                [
                    -0.37431485166036566,
                    0.9272324676641107,
                    -0.01132884530749272,
                    -7.632381181053105
                ],
                [
                    0.0,
                    0.012217000835247167,
                    0.999925369660452,
                    24.999999999999996
                ],
                [
                    0.0,
                    0.0,
                    0.0,
                    1.0
                ]
            ],
            "fov": 50,
            "aspect": 1
        },
        {
            "transform_matrix": [
                [
                    0.8974251945808661,
                    0.4411337335832014,
                    -0.005389733429277573,
                    -3.3694534676312746
                ],
                [
                    -0.4411666580006853,
                    0.8973582194338755,
                    -0.010963844351766294,
                    -7.2862520189241575
                ],
                [
                    0.0,
                    0.012217000835247165,
                    0.9999253696604519,
                    24.999999999999993
                ],
                [
                    0.0,
                    0.0,
                    0.0,
                    1.0
                ]
            ],
            "fov": 50,
            "aspect": 1
        },
        {
            "transform_matrix": [
                [
                    0.9189557422516299,
                    0.39433124600623304,
                    -0.004817904723687644,
                    -3.0078277009138783
                ],
                [
                    -0.39436067727748264,
                    0.918887160272556,
                    -0.011226883070643345,
                    -7.401722179215889
                ],
                [
                    0.0,
                    0.012217000835247164,
                    0.9999253696604518,
                    24.99999999999999
                ],
                [
                    0.0,
                    0.0,
                    0.0,
                    1.0
                ]
            ],
            "fov": 50,
            "aspect": 1
        },
        {
            "transform_matrix": [
                [
                    0.940371143295827,
                    0.3401247472986708,
                    -0.0041556144567540315,
                    -2.5894345952330484
                ],
                [
                    -0.34015013281858036,
                    0.9403009630781017,
                    -0.011488515043087457,
                    -7.563020721082317
                ],
                [
                    0.0,
                    0.012217000835247164,
                    0.9999253696604518,
                    24.99999999999999
                ],
                [
                    0.0,
                    0.0,
                    0.0,
                    1.0
                ]
            ],
            "fov": 50,
            "aspect": 1
        },
        {
            "transform_matrix": [
                [
                    0.9320493379924004,
                    0.36230434269469414,
                    -0.004426602816185971,
                    -2.6829785833526194
                ],
                [
                    -0.3623313836088818,
                    0.9319797788338305,
                    -0.011386847540744729,
                    -7.496165429262489
                ],
                [
                    0.0,
                    0.012217000835247164,
                    0.9999253696604518,
                    24.99999999999999
                ],
                [
                    0.0,
                    0.0,
                    0.0,
                    1.0
                ]
            ],
            "fov": 50,
            "aspect": 1
        },
        {
            "transform_matrix": [
                [
                    0.9701068694115048,
                    0.24265999235537297,
                    -0.0029647985932123666,
                    -1.5505501187939918
                ],
                [
                    -0.24267810350463842,
                    0.9700344700064428,
                    -0.011851796433879373,
                    -7.916876930030898
                ],
                [
                    0.0,
                    0.012217000835247164,
                    0.9999253696604518,
                    24.99999999999999
                ],
                [
                    0.0,
                    0.0,
                    0.0,
                    1.0
                ]
            ],
            "fov": 50,
            "aspect": 1
        },
        {
            "transform_matrix": [
                [
                    0.9861373691232437,
                    0.16591859378756268,
                    -0.0020271788879344206,
                    -0.9510909980950978
                ],
                [
                    -0.16593097727273812,
                    0.9860637733565452,
                    -0.012047641062247117,
                    -8.01251619362101
                ],
                [
                    0.0,
                    0.012217000835247164,
                    0.9999253696604518,
                    24.99999999999999
                ],
                [
                    0.0,
                    0.0,
                    0.0,
                    1.0
                ]
            ],
            "fov": 50,
            "aspect": 1
        },
        {
            "transform_matrix": [
                [
                    0.988095246384389,
                    0.15383189375051942,
                    -0.0018795046425074023,
                    -0.8973015842448645
                ],
                [
                    -0.1538433751338429,
                    0.9880215045006456,
                    -0.01207156045038184,
                    -7.972914989929256
                ],
                [
                    0.0,
                    0.012217000835247164,
                    0.9999253696604518,
                    24.99999999999999
                ],
                [
                    0.0,
                    0.0,
                    0.0,
                    1.0
                ]
            ],
            "fov": 50,
            "aspect": 1
        },
        {
            "transform_matrix": [
                [
                    0.9959432721922352,
                    0.08997660838581199,
                    -0.0010993263429004173,
                    -0.37684077083104084
                ],
                [
                    -0.08998332387182624,
                    0.9958689446076611,
                    -0.012167439788231338,
                    -8.06003287871516
                ],
                [
                    0.0,
                    0.012217000835247164,
                    0.9999253696604518,
                    24.99999999999999
                ],
                [
