{
    "camera_type": "perspective",
    "render_height": 540,
    "render_width": 960,
    "fps": 24,
    "seconds": 4,
    "smoothness_value": 0.5,
    "is_cycle": false,
    "crop": null,
    "camera_path": [
        {
            "camera_to_world": [
                1.0,
                0.0,
                0.0,
                0.0,
                0.0,
                0.9999253696604521,
                -0.012217000835247169,
                0.0,
                0.0,
                0.012217000835247169,
                0.9999253696604521,
                0.0,
                0.0,
                0.0,
                0.0,
                1.0
            ],
            "fov": 50,
            "aspect": 1
        },
        {
            "camera_to_world": [
                0.9987502603949664,
                -0.049975439308305336,
                0.0006105955527248368,
                0.0,
                0.04997916927067833,
                0.9986757233239095,
                -0.012201732765448631,
                0.0,
                0.0,
                0.012217000835247172,
                0.9999253696604523,
                0.0,
                0.0,
                0.0,
                0.0,
                1.0
            ],
            "fov": 50,
            "aspect": 1
        },
        {
            "camera_to_world": [
                0.995004165278026,
                -0.09982596604504558,
                0.0012196649345598783,
                0.0,
                0.09983341664682817,
                0.9949299077793198,
                -0.012155966718276056,
                0.0,
                0.0,
                0.012217000835247176,
                0.9999253696604525,
                0.0,
                0.0,
                0.0,
                0.0,
                1.0
            ],
            "fov": 50,
            "aspect": 1
        },
        {
            "camera_to_world": [
                0.9887710779360427,
                -0.14942697985503137,
                0.0018256857892477393,
                0.0,
                0.14943813247359927,
                0.9886972856147612,
                -0.012079817085012877,
                0.0,
                0.0,
                0.01221700083524718,
                0.9999253696604528,
                0.0,
                0.0,
                0.0,
                0.0,
                1.0
            ],
            "fov": 50,
            "aspect": 1
        },
        {
            "camera_to_world": [
                0.9800665778412422,
                -0.19865450403544632,
                0.00242714338026126,
                0.0,
                0.1986693307950613,
                0.9799934351397583,
                -0.011973474200084289,
                0.0,
                0.0,
                0.012217000835247183,
                0.999925369660453,
                0.0,
                0.0,
                0.0,
                0.0,
                1.0
            ],
            "fov": 50,
            "aspect": 1
        },
        {
            "camera_to_world": [
                0.9689124217106455,
                -0.24738549541303842,
                0.0030225343768559647,
                0.0,
                0.24740395925452308,
                0.968840111447621,
                -0.011837203865320311,
                0.0,
                0.0,
                0.012217000835247186,
                0.9999253696604532,
                0.0,
                0.0,
                0.0,
                0.0,
                1.0
            ],
            "fov": 50,
            "aspect": 1
        },
        {
            "camera_to_world": [
                0.9553364891256069,
                -0.2954981518879734,
                0.003610370611614004,
                0.0,
                0.2955202066613398,
                0.9552651920390409,
                -0.011671346685589635,
                0.0,
                0.0,
                0.01221700083524719,
                0.9999253696604534,
                0.0,
                0.0,
                0.0,
                0.0,
                1.0
            ],
            "fov": 50,
            "aspect": 1
        },
        {
            "camera_to_world": [
                0.9393727128473799,
                -0.342872216875651,
                0.004189182800087675,
                0.0,
                0.3428978074554517,
                0.9393026071428581,
                -0.011476317217464836,
                0.0,
                0.0,
                0.012217000835247193,
                0.9999253696604536,
                0.0,
                0.0,
                0.0,
                0.0,
                1.0
            ],
            "fov": 50,
            "aspect": 1
        },
        {
            "camera_to_world": [
                0.9210609940028862,
                -0.3893892798855382,
                0.004757524213245355,
                0.0,
                0.3894183423086509,
                0.9209922549081594,
                -0.011252602933046845,
                0.0,
                0.0,
                0.012217000835247196,
                0.9999253696604539,
                0.0,
                0.0,
                0.0,
                0.0,
                1.0
            ],
            "fov": 50,
            "aspect": 1
        },
        {
            "camera_to_world": [
                0.9004471023526782,
                -0.4349330724857283,
                0.005313974293540636,
                0.0,
                0.43496553411123073,
                0.9003799016796846,
                -0.01100076300153856,
                0.0,
                0.0,
                0.0122170008352472,
                0.9999253696604541,
                0.0,
                0.0,
                0.0,
                0.0,
                1.0
            ],
            "fov": 50,
            "aspect": 1
        },
        {
            "camera_to_world": [
                0.8775825618903742,
                -0.4793897589134696,
                0.005857142205566379,
                0.0,
                0.47942553860420367,
                0.8775170676057988,
                -0.010721426891613048,
                0.0,
                0.0,
                0.012217000835247203,
                0.9999253696604543,
                0.0,
                0.0,
                0.0,
                0.0,
                1.0
            ],
            "fov": 50,
            "aspect": 1
        },
        {
            "camera_to_world": [
                0.8525245220595072,
                -0.5226482206052874,
                0.0063856703124189,
                0.0,
                0.52268722893066,
                0.8524608978649529,
                -0.010415292798069692,
                0.0,
                0.0,
                0.012217000835247207,
                0.9999253696604545,
                0.0,
                0.0,
                0.0,
                0.0,
                1.0
            ],
            "fov": 50,
            "aspect": 1
        },
        {
            "camera_to_world": [
                0.8253356149096799,
                -0.5646003339355234,
                0.006898237569083185,
                0.0,
                0.5646424733950364,
                0.8252740198324982,
                -0.010083125896710792,
                0.0,
                0.0,
                0.01221700083524721,
                0.9999253696604548,
                0.0,
                0.0,
                0.0,
                0.0,
                1.0
            ],
            "fov": 50,
            "aspect": 1
        },
        {
            "camera_to_world": [
                0.7960837985490574,
                -0.6051412404690906,
                0.00739356282435744,
                0.0,
                0.6051864057360408,
                0.7960243865448632,
                -0.009725756431800571,
                0.0,
                0.0,
                0.012217000835247214,
                0.999925369660455,
                0.0,
                0.0,
                0.0,
                0.0,
                1.0
            ],
            "fov": 50,
            "aspect": 1
        },
        {
            "camera_to_world": [
                0.76484218728449,
                -0.6441696090529508,
                0.007870408023063886,
                0.0,
                0.6442176872376925,
                0.7647851068523526,
                -0.009344077640886884,
                0.0,
                0.0,
                0.012217000835247217,
                0.9999253696604552,
                0.0,
                0.0,
                0.0,
                0.0,
                1.0
            ],
            "fov": 50,
            "aspect": 1
        },
        {
            "camera_to_world": [
                0.7316888688738226,
                -0.6815878890912259,
                0.008327581300541936,
                0.0,
                0.6816387600233358,
                0.7316342626850952,
                -0.008939043522172544,
                0.0,
                0.0,
                0.01221700083524722,
                0.9999253696604554,
                0.0,
                0.0,
                0.0,
                0.0,
                1.0
            ],
            "fov": 50,
            "aspect": 1
        },
        {
            "camera_to_world": [
                0.6967067093471672,
                -0.7173025543708836,
                0.008763939961689133,
                0.0,
                0.7173560908995246,
                0.6966547138888834,
                -0.008511666450016645,
                0.0,
                0.0,
                0.012217000835247224,
                0.9999253696604556,
                0.0,
                0.0,
                0.0,
                0.0,
                1.0
            ],
            "fov": 50,
            "aspect": 1
        },
        {
            "camera_to_world": [
                0.6599831458849839,
                -0.751224336828563,
                0.009178393337103808,
                0.0,
                0.7512804051402947,
                0.6599338911187108,
                -0.0080630146445259,
                0.0,
                0.0,
                0.012217000835247228,
                0.9999253696604559,
                0.0,
                0.0,
                0.0,
                0.0,
                1.0
            ],
            "fov": 50,
            "aspect": 1
        },
        {
            "camera_to_world": [
                0.6216099682706662,
                -0.7832684496742427,
                0.00956990550919057,
                0.0,
                0.7833269096274856,
                0.621563577307668,
                -0.0075942095015606925,
                0.0,
                0.0,
                0.012217000835247231,
                0.9999253696604561,
                0.0,
                0.0,
                0.0,
                0.0,
                1.0
            ],
            "fov": 50,
            "aspect": 1
        },
        {
            "camera_to_world": [
                0.5816830894638851,
                -0.8133547993140599,
                0.0099374979014148,
                0.0,
                0.8134155047893762,
                0.5816396782574095,
                -0.007106422789829437,
                0.0,
                0.0,
                0.012217000835247235,
                0.9999253696604563,
                0.0,
                0.0,
                0.0,
                0.0,
                1.0
            ],
            "fov": 50,
            "aspect": 1
        },
        {
            "camera_to_world": [
                0.5403023058681413,
                -0.8414081855425829,
                0.010280251724234355,
                0.0,
                0.8414709848078992,
                0.5402619829235962,
                -0.006600873722077053,
                0.0,
                0.0,
                0.012217000835247238,
                0.9999253696604565,
                0.0,
                0.0,
                0.0,
                0.0,
                1.0
            ],
            "fov": 50,
            "aspect": 1
        },
        {
            "camera_to_world": [
                0.49757104789172857,
                -0.8673584895041616,
                0.010597310271594926,
                0.0,
                0.8674232255940197,
                0.4975339139954755,
                -0.006078825907688056,
                0.0,
                0.0,
                0.012217000835247242,
                0.9999253696604568,
                0.0,
                0.0,
                0.0,
                0.0,
                1.0
            ],
            "fov": 50,
            "aspect": 1
        },
        {
            "camera_to_world": [
                0.45359612142557887,
                -0.8911408489535492,
                0.01088788106224901,
                0.0,
                0.8912073600614384,
                0.4535622693930196,
                -0.005541584194321173,
                0.0,
                0.0,
                0.012217000835247245,
                0.999925369660457,
                0.0,
                0.0,
                0.0,
                0.0,
                1.0
            ],
            "fov": 50,
            "aspect": 1
        },
        {
            "camera_to_world": [
                0.40848744088415867,
                -0.9126958203777353,
                0.011151237820546316,
                0.0,
                0.9127639402605243,
                0.4084569553277448,
                -0.0049904914064697456,
                0.0,
                0.0,
                0.012217000835247249,
                0.9999253696604572,
                0.0,
                0.0,
                0.0,
                0.0,
                1.0
            ],
            "fov": 50,
            "aspect": 1
        },
        {
            "camera_to_world": [
                0.36235775447667484,
                -0.9319695275737719,
                0.011386722291744648,
                0.0,
                0.9320390859672298,
                0.3623307115944208,
                -0.004426924989099826,
                0.0,
                0.0,
                0.012217000835247252,
                0.9999253696604574,
                0.0,
                0.0,
                0.0,
                0.0,
                1.0
            ],
            "fov": 50,
            "aspect": 1
        },
        {
            "camera_to_world": [
                0.3153223623952698,
                -0.9489137963112214,
                0.011593745887303952,
                0.0,
                0.9489846193555899,
                0.3152988297802976,
                -0.003852293564755123,
                0.0,
                0.0,
                0.012217000835247255,
                0.9999253696604576,
                0.0,
                0.0,
                0.0,
                0.0,
                1.0
            ],
            "fov": 50,
            "aspect": 1
        },
        {
            "camera_to_world": [
                0.2674988286245884,
                -0.9634862747426448,
                0.011771791156051134,
                0.0,
                0.9635581854171968,
                0.2674788650961799,
                -0.0032680334127342375,
                0.0,
                0.0,
                0.012217000835247259,
                0.9999253696604579,
                0.0,
                0.0,
                0.0,
                0.0,
                1.0
            ],
            "fov": 50,
            "aspect": 1
        },
        {
            "camera_to_world": [
                0.2190066870930424,
                -0.9756505392611636,
                0.01192041307753851,
                0.0,
                0.9757233578266631,
                0.21899034254962182,
                -0.0026756048791404165,
                0.0,
                0.0,
                0.012217000835247262,
                0.9999253696604581,
                0.0,
                0.0,
                0.0,
                0.0,
                1.0
            ],
            "fov": 50,
            "aspect": 1
        },
        {
            "camera_to_world": [
                0.1699671429002416,
                -0.9853761855405079,
                0.012039240174363162,
                0.0,
                0.9854497299884644,
                0.1699544581946554,
                -0.002076488726776829,
                0.0,
                0.0,
                0.012217000835247266,
                0.9999253696604583,
                0.0,
                0.0,
                0.0,
                0.0,
                1.0
            ],
            "fov": 50,
            "aspect": 1
        },
        {
            "camera_to_world": [
                0.12050276936736705,
                -0.9926389045299981,
                0.012127975440666985,
                0.0,
                0.9927129910375928,
                0.12049377620477314,
                -0.0014721824340107226,
                0.0,
                0.0,
                0.01221700083524727,
                0.9999253696604585,
                0.0,
                0.0,
                0.0,
                0.0,
                1.0
            ],
            "fov": 50,
            "aspect": 1
        },
        {
            "camera_to_world": [
                0.07073720166770318,
                -0.9974205432145115,
                0.012186397084496649,
                0.0,
                0.9974949866040589,
                0.07073192252632449,
                -0.0008641964518573798,
                0.0,
                0.0,
                0.012217000835247273,
                0.9999253696604588,
                0.0,
                0.0,
                0.0,
                0.0,
                1.0
            ],
            "fov": 50,
            "aspect": 1
        },
        {
            "camera_to_world": [
                0.020794827803092535,
                -0.9997091499875658,
                0.012214359082167989,
                0.0,
                0.9997837641893615,
                0.020793275878033174,
                -0.0002540504286392051,
                0.0,
                0.0,
                0.012217000835247276,
                0.999925369660459,
                0.0,
                0.0,
                0.0,
                0.0,
                1.0
            ],
            "fov": 50,
            "aspect": 1
        },
        {
            "camera_to_world": [
                -0.02919952230128889,
                -0.999499004524112,
                0.01221179154324915,
                0.0,
                0.9995736030415099,
                -0.029197343131024494,
                0.00035673058834366224,
                0.0,
                0.0,
                0.01221700083524728,
                0.9999253696604592,
                0.0,
                0.0,
                0.0,
                0.0,
                1.0
            ],
            "fov": 50,
            "aspect": 1
        },
        {
            "camera_to_world": [
                -0.07912088880673436,
                -0.996790632078367,
                0.012178700885250282,
                0.0,
                0.9968650284539237,
                -0.07911498398793697,
                0.0009666199646373696,
                0.0,
                0.0,
                0.012217000835247283,
                0.9999253696604594,
                0.0,
                0.0,
                0.0,
                0.0,
                1.0
            ],
            "fov": 50,
            "aspect": 1
        },
        {
            "camera_to_world": [
                -0.12884449429552536,
                -0.9915908021709521,
                0.012115169817583099,
                0.0,
                0.9916648104524736,
                -0.1288348785871668,
                0.00157409329442543,
                0.0,
                0.0,
                0.012217000835247287,
                0.9999253696604596,
                0.0,
                0.0,
                0.0,
                0.0,
                1.0
            ],
            "fov": 50,
            "aspect": 1
        },
        {
            "camera_to_world": [
                -0.17824605564949303,
                -0.9839125116686167,
                0.01202135713483043,
                0.0,
                0.9839859468739419,
                -0.17823275308583644,
                0.0021776322107493673,
                0.0,
                0.0,
                0.01221700083524729,
                0.9999253696604599,
                0.0,
                0.0,
                0.0,
                0.0,
                1.0
            ],
            "fov": 50,
            "aspect": 1
        },
        {
            "camera_to_world": [
                -0.22720209469308827,
                -0.9737749522988403,
                0.011897497319842455,
                0.0,
                0.9738476308782003,
                -0.22718513852361497,
                0.0027757281806353637,
                0.0,
                0.0,
                0.012217000835247294,
                0.9999253696604601,
                0.0,
                0.0,
                0.0,
                0.0,
                1.0
            ],
            "fov": 50,
            "aspect": 1
        },
        {
            "camera_to_world": [
                -0.2755902468245144,
                -0.9612034626805084,
                0.011743899957651698,
                0.0,
                0.9612752029753051,
                -0.2755696794308174,
                0.0033668862756410637,
                0.0,
                0.0,
                0.012217000835247297,
                0.9999253696604603,
                0.0,
                0.0,
                0.0,
                0.0,
                1.0
            ],
            "fov": 50,
            "aspect": 1
        },
        {
            "camera_to_world": [
                -0.32328956686350524,
                -0.9462294649905617,
                0.01156094896167168,
                0.0,
                0.9463000876874197,
                -0.3232654396533576,
                0.003949628908398137,
                0.0,
                0.0,
                0.0122170008352473,
                0.9999253696604605,
                0.0,
                0.0,
                0.0,
                0.0,
                1.0
            ],
            "fov": 50,
            "aspect": 1
        },
        {
            "camera_to_world": [
                -0.37018083135128904,
                -0.9288903864249178,
                0.011349101614113311,
                0.0,
                0.9289597150038745,
                -0.37015320463015083,
                0.004522499525811188,
                0.0,
                0.0,
                0.012217000835247304,
                0.9999253696604607,
                0.0,
                0.0,
                0.0,
                0.0,
                1.0
            ],
            "fov": 50,
            "aspect": 1
        },
        {
            "camera_to_world": [
                -0.4161468365471448,
                -0.9092295656499733,
                0.011108887423017523,
                0.0,
                0.9092974268256869,
                -0.4161157793674312,
                0.005084066249681934,
                0.0,
                0.0,
                0.012217000835247308,
                0.999925369660461,
                0.0,
                0.0,
                0.0,
                0.0,
                1.0
            ],
            "fov": 50,
            "aspect": 1
        },
        {
            "camera_to_world": [
                -0.46107269137671564,
                -0.8872961444785079,
                0.010840906798760923,
                0.0,
                0.8873623686333807,
                -0.46103828136520164,
                0.0056329254556589945,
                0.0,
                0.0,
                0.012217000835247311,
                0.9999253696604612,
                0.0,
                0.0,
                0.0,
                0.0,
                1.0
            ],
            "fov": 50,
            "aspect": 1
        },
        {
            "camera_to_world": [
                -0.5048461045998606,
                -0.8631449450407455,
                0.01054582955334254,
                0.0,
                0.863209366648879,
                -0.5048084277636545,
                0.006167705281567775,
                0.0,
                0.0,
                0.012217000835247314,
                0.9999253696604614,
                0.0,
                0.0,
                0.0,
                0.0,
                1.0
            ],
            "fov": 50,
            "aspect": 1
        },
        {
            "camera_to_world": [
                -0.5473576654802745,
                -0.8368363327575787,
                0.010224393226202663,
                0.0,
                0.8368987907985029,
                -0.5473168159918453,
                0.006687069056351453,
                0.0,
                0.0,
                0.012217000835247318,
                0.9999253696604616,
                0.0,
                0.0,
                0.0,
                0.0,
                1.0
            ],
            "fov": 50,
            "aspect": 1
        },
        {
            "camera_to_world": [
                -0.5885011172553495,
                -0.8084360654584554,
                0.009877401240758334,
                0.0,
                0.8084964038195953,
                -0.5884571972171442,
                0.007189718641052496,
                0.0,
                0.0,
                0.012217000835247321,
                0.9999253696604619,
                0.0,
                0.0,
                0.0,
                0.0,
                1.0
            ],
            "fov": 50,
            "aspect": 1
        },
        {
            "camera_to_world": [
                -0.6281736227227432,
                -0.7780151290210497,
                0.009505720896263238,
                0.0,
                0.7780731968879263,
                -0.6281267419119841,
                0.007674397673483994,
                0.0,
                0.0,
                0.012217000835247325,
                0.9999253696604621,
                0.0,
                0.0,
                0.0,
                0.0,
                1.0
            ],
            "fov": 50,
            "aspect": 1
        },
        {
            "camera_to_world": [
                -0.6662760212798288,
                -0.7456495599435381,
                0.009110281200011226,
                0.0,
                0.7457052121767251,
                -0.6662262968741277,
                0.008139894708480828,
                0.0,
                0.0,
                0.012217000835247328,
                0.9999253696604623,
                0.0,
                0.0,
                0.0,
                0.0,
                1.0
            ],
            "fov": 50,
            "aspect": 1
        },
        {
            "camera_to_world": [
                -0.7027130767735588,
                -0.7114202552929516,
                0.008692070545301916,
                0.0,
                0.7114733527908492,
                -0.7026606330580342,
                0.008585046245881675,
                0.0,
                0.0,
                0.012217000835247332,
                0.9999253696604625,
                0.0,
                0.0,
                0.0,
                0.0,
                1.0
            ],
            "fov": 50,
            "aspect": 1
        },
        {
            "camera_to_world": [
                -0.7373937155412508,
                -0.6754127705046394,
                0.008252134240972184,
                0.0,
                0.6754631805511556,
                -0.7373386835978791,
                0.009008739638673473,
                0.0,
                0.0,
                0.012217000835247335,
                0.9999253696604627,
                0.0,
                0.0,
                0.0,
                0.0,
                1.0
            ],
            "fov": 50,
            "aspect": 1
        },
        {
            "camera_to_world": [
                -0.770231254047313,
                -0.6377171055382368,
                0.007791571898668456,
                0.0,
                0.6377647021345083,
                -0.7701737714272927,
                0.009409915874029496,
                0.0,
                0.0,
                0.012217000835247339,
                0.999925369660463,
                0.0,
                0.0,
                0.0,
                0.0,
                1.0
            ],
            "fov": 50,
            "aspect": 1
        },
        {
            "camera_to_world": [
                -0.8011436155469397,
                -0.5984274799246369,
                0.00731153468439026,
                0.0,
                0.5984721441039609,
                -0.8010838259268845,
                0.009787572220289899,
                0.0,
                0.0,
                0.012217000835247342,
                0.9999253696604632,
                0.0,
                0.0,
                0.0,
                0.0,
                1.0
            ],
            "fov": 50,
            "aspect": 1
        },
        {
            "camera_to_world": [
                -0.8300535352352285,
                -0.5576420972662322,
                0.006813222441174742,
                0.0,
                0.5576837173914211,
                -0.8299915880580507,
                0.010140764733268652,
                0.0,
                0.0,
                0.012217000835247346,
                0.9999253696604634,
                0.0,
                0.0,
                0.0,
                0.0,
                1.0
            ],
            "fov": 50,
            "aspect": 1
        },
        {
            "camera_to_world": [
                -0.8568887533689539,
                -0.515462899779052,
                0.006297880690113943,
                0.0,
                0.5155013718214683,
                -0.856824803470335,
                0.010468610615622416,
                0.0,
                0.0,
                0.01221700083524735,
                0.9999253696604636,
                0.0,
                0.0,
                0.0,
                0.0,
                1.0
            ],
            "fov": 50,
            "aspect": 1
        },
        {
            "camera_to_world": [
                -0.8815821958782928,
                -0.4719953134903131,
                0.005766797517200718,
                0.0,
                0.47203054128988636,
                -0.8815164030996749,
                0.010770290423384139,
                0.0,
                0.0,
                0.012217000835247353,
                0.9999253696604639,
                0.0,
                0.0,
                0.0,
                0.0,
                1.0
            ],
            "fov": 50,
            "aspect": 1
        },
        {
            "camera_to_world": [
                -0.9040721420170683,
                -0.4273479847282558,
                0.005221300353784581,
                0.0,
                0.42737988023383344,
                -0.9040046708061338,
                0.011045050114146223,
                0.0,
                0.0,
                0.012217000835247356,
                0.9999253696604641,
                0.0,
                0.0,
                0.0,
                0.0,
                1.0
            ],
            "fov": 50,
            "aspect": 1
        },
        {
            "camera_to_world": [
                -0.924302378632471,
                -0.381632508562906,
                0.004662752658684642,
                0.0,
                0.3816609920523349,
                -0.9242333976321088,
                0.011292202931773845,
                0.0,
                0.0,
                0.01221700083524736,
                0.9999253696604643,
                0.0,
                0.0,
                0.0,
                0.0,
                1.0
            ],
            "fov": 50,
            "aspect": 1
        },
        {
            "camera_to_world": [
                -0.9422223406686658,
                -0.33496314987651726,
                0.004092550510252632,
                0.0,
                0.33498815015590777,
                -0.9421520222954523,
                0.011511131122937637,
                0.0,
                0.0,
                0.012217000835247363,
                0.9999253696604645,
                0.0,
                0.0,
                0.0,
                0.0,
                1.0
            ],
            "fov": 50,
            "aspect": 1
        },
        {
            "camera_to_world": [
                -0.9577872375530984,
                -0.2874565577608734,
                0.003512119116904095,
                0.0,
                0.287478012342547,
                -0.9577157575663452,
                0.011701287481175283,
                0.0,
                0.0,
                0.012217000835247366,
                0.9999253696604647,
                0.0,
                0.0,
                0.0,
                0.0,
                1.0
            ],
            "fov": 50,
            "aspect": 1
        },
        {
            "camera_to_world": [
                -0.9709581651495988,
                -0.23923147395530875,
                0.0029229092548395757,
                0.0,
                0.23924932921398448,
                -0.970885702212047,
                0.01186219671462271,
                0.0,
                0.0,
                0.01221700083524737,
                0.999925369660465,
                0.0,
                0.0,
                0.0,
                0.0,
                1.0
            ],
            "fov": 50,
            "aspect": 1
        },
        {
            "camera_to_world": [
                -0.9817022029984624,
                -0.19040843605419894,
                0.0023263936418596704,
                0.0,
                0.190422647361029,
                -0.981628938229718,
                0.011993456633996206,
                0.0,
                0.0,
                0.012217000835247373,
                0.9999253696604652,
                0.0,
                0.0,
                0.0,
                0.0,
                1.0
            ],
            "fov": 50,
            "aspect": 1
        },
        {
            "camera_to_world": [
                -0.9899924966004541,
                -0.14110947622575018,
                0.0017240632563375036,
                0.0,
                0.1411200080598686,
                -0.9899186131242832,
                0.012094739157856181,
                0.0,
                0.0,
                0.012217000835247377,
                0.9999253696604654,
                0.0,
                0.0,
                0.0,
                0.0,
                1.0
            ],
            "fov": 50,
            "aspect": 1
        },
        {
            "camera_to_world": [
                -0.9958083245390701,
                -0.09145781619513164,
                0.00111742361054928,
                0.0,
                0.09146464223243798,
                -0.9957340070256854,
                0.012165791132639906,
                0.0,
                0.0,
                0.01221700083524738,
                0.9999253696604656,
                0.0,
                0.0,
                0.0,
                0.0,
                1.0
            ],
            "fov": 50,
            "aspect": 1
        },
        {
            "camera_to_world": [
                -0.9991351502732885,
                -0.04157755925433517,
                0.0005079909876776496,
                0.0,
                0.041580662433291116,
                -0.9990605844777697,
                0.012206434965413574,
                0.0,
                0.0,
                0.012217000835247384,
                0.9999253696604659,
                0.0,
                0.0,
                0.0,
                0.0,
                1.0
            ],
            "fov": 50,
            "aspect": 1
        },
        {
            "camera_to_world": [
                -0.9999646584713511,
                0.00840661993142288,
                -0.0001027113481065829,
                0.0,
                -0.008407247367148618,
                -0.9998900307693539,
                0.01221656906776215,
                0.0,
                0.0,
                0.012217000835247387,
                0.9999253696604661,
                0.0,
                0.0,
                0.0,
                0.0,
                1.0
            ],
            "fov": 50,
            "aspect": 1
        },
        {
            "camera_to_world": [
                -0.9982947757947623,
                0.05836978694543542,
                -0.0007131569590115852,
                0.0,
                -0.05837414342758028,
                -0.9982202727166763,
                0.0121961681097075,
                0.0,
                0.0,
                0.01221700083524739,
                0.9999253696604663,
                0.0,
                0.0,
                0.0,
                0.0,
                1.0
            ],
            "fov": 50,
            "aspect": 1
        },
        {
            "camera_to_world": [
                -0.9941296760805556,
                0.10818705989048179,
                -0.001321820048924023,
                0.0,
                -0.10819513453010922,
                -0.9940554838452755,
                0.01214528308302015,
                0.0,
                0.0,
                0.012217000835247394,
                0.9999253696604665,
                0.0,
                0.0,
                0.0,
                0.0,
                1.0
            ],
            "fov": 50,
            "aspect": 1
        },
        {
            "camera_to_world": [
                -0.9874797699088743,
                0.15773392152853358,
                -0.0019271792771047252,
                0.0,
                -0.1577456941432497,
                -0.9874060739583499,
                0.012064041173766405,
                0.0,
                0.0,
                0.012217000835247398,
                0.9999253696604667,
                0.0,
                0.0,
                0.0,
                0.0,
                1.0
            ],
            "fov": 50,
            "aspect": 1
        },
        {
            "camera_to_world": [
                -0.9783616785819436,
                0.2068865305090024,
                -0.0025277215607482314,
                0.0,
                -0.2069019716734015,
                -0.9782886631176709,
                0.011952645444409432,
                0.0,
                0.0,
                0.012217000835247401,
                0.999925369660467,
                0.0,
                0.0,
                0.0,
                0.0,
                1.0
            ],
            "fov": 50,
            "aspect": 1
        },
        {
            "camera_to_world": [
                -0.9667981925794705,
                0.255522030907621,
                -0.0031219458569018083,
                0.0,
                -0.25554110202683367,
                -0.9667260401020846,
                0.011811374326258851,
                0.0,
                0.0,
                0.012217000835247405,
                0.9999253696604672,
