{
    "camera_type": "perspective",
    "render_height": 540,
    "render_width": 960,
    "fps": 24,
    "seconds": 1,
    "smoothness_value": 0.5,
    "is_cycle": false,
    "crop": null,
    "camera_path": [
        {
            "camera_to_world": [
                1.0,
                0.0,
                0.0,
                0.0,
                0.0,
                0.7648421872844884,
                -0.644217687237691,
                -0.4,
                0.0,
                0.644217687237691,
                0.7648421872844884,
                0.0,
                0.0,
                0.0,
                0.0,
                1.0
            ],
            "fov": 50,
            "aspect": 1
        },
        {
            "camera_to_world": [
                0.9999875000260416,
                -0.0038241950022301244,
                0.003221075015003414,
                0.002024991562510547,
                0.004999979166692708,
                0.7648326267770651,
                -0.644209634533377,
                -0.4049949375105469,
                0.0,
                0.644217687237691,
                0.7648421872844884,
                0.0,
                0.0,
                0.0,
                0.0,
                1.0
            ],
            "fov": 50,
            "aspect": 1
        },
        {
            "camera_to_world": [
                0.9999500004166653,
                -0.00764829439978437,
                0.006442069503299217,
                0.0040999316670083325,
                0.009999833334166664,
                0.7648039454938074,
                -0.6441854766217523,
                -0.4099795001708328,
                0.0,
                0.644217687237691,
                0.7648421872844884,
                0.0,
                0.0,
                0.0,
                0.0,
                1.0
            ],
            "fov": 50,
            "aspect": 1
        },
        {
            "camera_to_world": [
                0.9998875021093593,
                -0.01147220259037697,
                0.009662902940192963,
                0.006224766565126158,
                0.014999437506328091,
                0.7647561441517459,
                -0.6441452141067633,
                -0.41495331337538416,
                0.0,
                0.644217687237691,
                0.7648421872844884,
                0.0,
                0.0,
                0.0,
                0.0,
                1.0
            ],
            "fov": 50,
            "aspect": 1
        },
        {
            "camera_to_world": [
                0.9998000066665778,
                -0.01529582397650232,
                0.01288349480501648,
                0.008399440011199895,
                0.01999866669333308,
                0.7646892239459114,
                -0.6440888479949708,
                -0.4199160027999627,
                0.0,
                0.644217687237691,
                0.7648421872844884,
                0.0,
                0.0,
                0.0,
                0.0,
                1.0
            ],
            "fov": 50,
            "aspect": 1
        },
        {
            "camera_to_world": [
                0.9996875162757027,
                -0.019119062967824913,
                0.016103764583140886,
                0.010623893263752742,
                0.024997395914712332,
                0.764603186549306,
                -0.6440163796955248,
                -0.4248671944171737,
                0.0,
                0.6442176872376911,
                0.7648421872844886,
                0.0,
                0.0,
                0.0,
                0.0,
                1.0
            ],
            "fov": 50,
            "aspect": 1
        },
        {
            "camera_to_world": [
                0.9995500337489875,
                -0.022941823983569094,
                0.019323631767989447,
                0.012898065087073135,
                0.02999550020249566,
                0.7644980341128598,
                -0.6439278110201287,
                -0.4298065145120647,
                0.0,
                0.644217687237691,
                0.7648421872844884,
                0.0,
                0.0,
                0.0,
                0.0,
                1.0
            ],
            "fov": 50,
            "aspect": 1
        },
        {
            "camera_to_world": [
                0.9993875625234886,
                -0.026764011454908577,
                0.022543015863050252,
                0.015221891752886248,
                0.034992854604336196,
                0.7643737692653784,
                -0.6438231441829951,
                -0.4347335896977176,
                0.0,
                0.644217687237691,
                0.7648421872844884,
                0.0,
                0.0,
                0.0,
                0.0,
                1.0
            ],
            "fov": 50,
            "aspect": 1
        },
        {
            "camera_to_world": [
                0.9992001066609779,
                -0.03058552982735564,
                0.02576183638388859,
                0.01759530704211903,
                0.03998933418663416,
                0.7642303951134765,
                -0.6437023818007894,
                -0.4396480469308303,
                0.0,
                0.644217687237691,
                0.7648421872844884,
                0.0,
                0.0,
                0.0,
                0.0,
                1.0
            ],
            "fov": 50,
            "aspect": 1
        },
        {
            "camera_to_world": [
                0.9989876708478425,
                -0.03440628356315001,
                0.028980012860159093,
                0.020018242246758806,
                0.044984814037660234,
                0.7640679152415003,
                -0.6435655268925647,
                -0.44454951352728994,
                0.0,
                0.644217687237691,
                0.7648421872844884,
                0.0,
                0.0,
                0.0,
                0.0,
                1.0
            ],
            "fov": 50,
            "aspect": 1
        },
        {
            "camera_to_world": [
                0.9987502603949664,
                -0.038226177143647296,
                0.032197464837617464,
                0.02249062617180525,
                0.049979169270678324,
                0.7638863337114384,
                -0.643412582879687,
                -0.44943761717773495,
                0.0,
                0.6442176872376911,
                0.7648421872844886,
                0.0,
                0.0,
                0.0,
                0.0,
                1.0
            ],
            "fov": 50,
            "aspect": 1
        },
        {
            "camera_to_world": [
                0.9984878812375984,
                -0.04204511507170694,
                0.035414111880131854,
                0.02501238513731582,
                0.05497227502706773,
                0.7636856550628192,
                -0.6432435535857479,
                -0.45431198596310735,
                0.0,
                0.644217687237691,
                0.7648421872844884,
                0.0,
                0.0,
                0.0,
                0.0,
                1.0
            ],
            "fov": 50,
            "aspect": 1
        },
        {
            "camera_to_world": [
                0.9982005399352042,
                -0.045863001874079636,
                0.038629873571693715,
                0.027583442980544517,
                0.059964006479444595,
                0.7634658843125989,
                -0.6430584432364717,
                -0.459172248370194,
                0.0,
                0.644217687237691,
                0.7648421872844884,
                0.0,
                0.0,
                0.0,
                0.0,
                1.0
            ],
            "fov": 50,
            "aspect": 1
        },
        {
            "camera_to_world": [
                0.997888243671301,
                -0.049679742103794174,
                0.04184466951842825,
                0.03020372105817391,
                0.06495423883478259,
                0.7632270269550344,
                -0.642857256459607,
                -0.4640180333071551,
                0.0,
                0.644217687237691,
                0.7648421872844884,
                0.0,
                0.0,
                0.0,
                0.0,
                1.0
            ],
            "fov": 50,
            "aspect": 1
        },
        {
            "camera_to_world": [
                0.9975510002532796,
                -0.053495240342543604,
                0.04505841935060424,
                0.0328731382486404,
                0.06994284733753275,
                0.7629690889615476,
                -0.6426399982848131,
                -0.4688489701190415,
                0.0,
                0.644217687237691,
                0.7648421872844884,
                0.0,
                0.0,
                0.0,
                0.0,
                1.0
            ],
            "fov": 50,
            "aspect": 1
        },
        {
            "camera_to_world": [
                0.9971888181122076,
                -0.05730940120307069,
                0.04827104272464327,
                0.03559161095455262,
                0.07492970727274234,
                0.7626920767805747,
                -0.6424066741435329,
                -0.4736646886032987,
                0.0,
                0.6442176872376911,
                0.7648421872844886,
                0.0,
                0.0,
                0.0,
                0.0,
                1.0
            ],
            "fov": 50,
            "aspect": 1
        },
        {
            "camera_to_world": [
                0.9968017063026193,
                -0.06112212933155255,
                0.05148245932512828,
                0.03835905310520289,
                0.07991469396917268,
                0.7623959973374056,
                -0.6421572898688576,
                -0.4784648190252574,
                0.0,
                0.644217687237691,
                0.7648421872844884,
                0.0,
                0.0,
                0.0,
                0.0,
                1.0
            ],
            "fov": 50,
            "aspect": 1
        },
        {
            "camera_to_world": [
                0.9963896745022904,
                -0.06493332940998457,
                0.054692588866811546,
                0.04117537615917178,
                0.08489768280241602,
                0.7620808580340113,
                -0.6418918516953813,
                -0.48324899213361094,
                0.0,
                0.644217687237691,
                0.7648421872844884,
                0.0,
                0.0,
                0.0,
                0.0,
                1.0
            ],
            "fov": 50,
            "aspect": 1
        },
        {
            "camera_to_world": [
                0.9959527330119943,
                -0.06874290615856328,
                0.05790135109662172,
                0.04404048910702543,
                0.08987854919801107,
                0.7617466667488578,
                -0.6416103662590446,
                -0.4880168391758773,
                0.0,
                0.644217687237691,
                0.7648421872844884,
                0.0,
                0.0,
                0.0,
                0.0,
                1.0
            ],
            "fov": 50,
            "aspect": 1
        },
        {
            "camera_to_world": [
                0.9954908927552452,
                -0.07255076433806838,
                0.06110866579567016,
                0.04695429847410588,
                0.09485716863455732,
                0.7613934318367097,
                -0.6413128405969684,
                -0.49276799191384646,
                0.0,
                0.6442176872376909,
                0.7648421872844883,
                0.0,
                0.0,
                0.0,
                0.0,
                1.0
            ],
            "fov": 50,
            "aspect": 1
        },
        {
            "camera_to_world": [
                0.9950041652780258,
                -0.07635680875224371,
                0.06431445278125644,
                0.0499167083234141,
                0.09983341664682817,
                0.7610211621284219,
                -0.6409992821472791,
                -0.497502082639013,
                0.0,
                0.644217687237691,
                0.7648421872844884,
                0.0,
                0.0,
                0.0,
                0.0,
                1.0
            ],
            "fov": 50,
            "aspect": 1
        },
        {
            "camera_to_world": [
                0.9944925627484975,
                -0.08016094425017715,
                0.06751863190887292,
                0.05292762025858568,
                0.10480716882888251,
                0.7606298669307171,
                -0.6406696987489213,
                -0.5022187441879914,
                0.0,
                0.644217687237691,
                0.7648421872844884,
                0.0,
                0.0,
                0.0,
                0.0,
                1.0
            ],
            "fov": 50,
            "aspect": 1
        },
        {
            "camera_to_world": [
                0.9939560979566969,
                -0.08396307572867939,
                0.07072112307420825,
                0.05598693342695918,
                0.10977830083717484,
                0.7602195560259553,
                -0.6403240986414631,
                -0.5069176099579156,
                0.0,
                0.644217687237691,
                0.7648421872844884,
                0.0,
                0.0,
                0.0,
                0.0,
                1.0
            ],
            "fov": 50,
            "aspect": 1
        },
        {
            "camera_to_world": [
                0.9933947843142159,
                -0.08776310813466148,
                0.07392184621515013,
                0.059094544522736894,
                0.11474668839366385,
                0.7597902396718874,
                -0.6399624904648891,
                -0.5115983139218213,
                0.0,
                0.644217687237691,
                0.7648421872844884,
                0.0,
                0.0,
                0.0,
                0.0,
                1.0
            ],
            "fov": 50,
            "aspect": 1
        }
    ]
}