{
    "camera_type": "perspective",
    "render_height": 540,
    "render_width": 960,
    "fps": 24,
    "seconds": 4,
    "smoothness_value": 0.5,
    "is_cycle": false,
    "crop": null,
    "camera_path": [
        {
            "camera_to_world": [
                1.0,
                0.0,
                0.0,
                0.0,
                0.0,
                0.7648421872844884,
                -0.644217687237691,
                -0.3,
                0.0,
                0.644217687237691,
                0.7648421872844884,
                0.0,
                0.0,
                0.0,
                0.0,
                1.0
            ],
            "fov": 50,
            "aspect": 1
        },
        {
            "camera_to_world": [
                0.9950041652780258,
                -0.0763568087522437,
                0.06431445278125644,
                0.030948359160516727,
                0.09983341664682815,
                0.7610211621284219,
                -0.6409992821472791,
                -0.30845129123618803,
                0.0,
                0.644217687237691,
                0.7648421872844884,
                0.0,
                0.0,
                0.0,
                0.0,
                1.0
            ],
            "fov": 50,
            "aspect": 1
        },
        {
            "camera_to_world": [
                0.9800665778412417,
                -0.1519506855116402,
                0.12798629680985413,
                0.0635741858544196,
                0.19866933079506124,
                0.7495962650805186,
                -0.6313762241158433,
                -0.3136213049091974,
                0.0,
                0.644217687237691,
                0.7648421872844884,
                0.0,
                0.0,
                0.0,
                0.0,
                1.0
            ],
            "fov": 50,
            "aspect": 1
        },
        {
            "camera_to_world": [
                0.9553364891256059,
                -0.22602632124962302,
                0.1903793440673727,
                0.09752166819824207,
                0.2955202066613396,
                0.7306816499355122,
                -0.6154446635582733,
                -0.31526104141144995,
                0.0,
                0.6442176872376909,
                0.7648421872844883,
                0.0,
                0.0,
                0.0,
                0.0,
                1.0
            ],
            "fov": 50,
            "aspect": 1
        },
        {
            "camera_to_world": [
                0.9210609940028851,
                -0.29784357670004785,
                0.2508701838500143,
                0.13240223638494117,
                0.38941834230865047,
                0.7044663052755917,
                -0.5933637833613874,
                -0.313160737960981,
                0.0,
                0.644217687237691,
                0.7648421872844884,
                0.0,
                0.0,
                0.0,
                0.0,
                1.0
            ],
            "fov": 50,
            "aspect": 1
        },
        {
            "camera_to_world": [
                0.8775825618903726,
                -0.36668487758608254,
                0.308854411682284,
                0.16779893851147107,
                0.479425538604203,
                0.6712121661589575,
                -0.5653542083811437,
                -0.30715389666163045,
                0.0,
                0.6442176872376909,
                0.7648421872844883,
                0.0,
                0.0,
                0.0,
                0.0,
                1.0
            ],
            "fov": 50,
            "aspect": 1
        },
        {
            "camera_to_world": [
                0.8253356149096782,
                -0.4318623843851823,
                0.3637526683267191,
                0.20327129042221273,
                0.5646424733950353,
                0.6312514969513064,
                -0.5316958010320105,
                -0.2971208213674842,
                0.0,
                0.644217687237691,
                0.7648421872844884,
                0.0,
                0.0,
                0.0,
                0.0,
                1.0
            ],
            "fov": 50,
            "aspect": 1
        },
        {
            "camera_to_world": [
                0.7648421872844884,
                -0.49272486499423,
                0.41501642854987947,
                0.2383605442779457,
                0.644217687237691,
                0.5849835714501204,
                -0.49272486499423,
                -0.28299160929526074,
                0.0,
                0.644217687237691,
                0.7648421872844884,
                0.0,
                0.0,
                0.0,
                0.0,
                1.0
            ],
            "fov": 50,
            "aspect": 1
        },
        {
            "camera_to_world": [
                0.6967067093471655,
                -0.5486642016254412,
                0.46213348180516134,
                0.2725953145418187,
                0.7173560908995227,
                0.5328706834728644,
                -0.4488307849786132,
                -0.26474854955192295,
                0.0,
                0.644217687237691,
                0.7648421872844884,
                0.0,
                0.0,
                0.0,
                0.0,
                1.0
            ],
            "fov": 50,
            "aspect": 1
        },
        {
            "camera_to_world": [
                0.6216099682706644,
                -0.599121466918283,
                0.5046330500712651,
                0.30549749475471855,
                0.7833269096274833,
                0.4754335277699764,
                -0.4004521361232219,
                -0.24242788762555917,
                0.0,
                0.644217687237691,
                0.7648421872844884,
                0.0,
                0.0,
                0.0,
                0.0,
                1.0
            ],
            "fov": 50,
            "aspect": 1
        },
        {
            "camera_to_world": [
                0.5403023058681398,
                -0.6435925085569041,
                0.5420904917105653,
                0.33658839392315865,
                0.8414709848078965,
                0.4132459974150407,
                -0.34807230189556454,
                -0.21612092234725594,
                0.0,
                0.644217687237691,
                0.7648421872844884,
                0.0,
                0.0,
                0.0,
                0.0,
                1.0
            ],
            "fov": 50,
            "aspect": 1
        },
        {
            "camera_to_world": [
                0.4535961214255775,
                -0.6816329865934228,
                0.574131544347986,
                0.36539501762518856,
                0.8912073600614353,
                0.3469294496548991,
                -0.2922146442847724,
                -0.18597440978448682,
                0.0,
                0.644217687237691,
                0.7648421872844884,
                0.0,
                0.0,
                0.0,
                0.0,
                1.0
            ],
            "fov": 50,
            "aspect": 1
        },
        {
            "camera_to_world": [
                0.36235775447667357,
                -0.7128628131458088,
                0.6004360643769381,
                0.39145641610623516,
                0.9320390859672264,
                0.2771464975134346,
                -0.23343727454160573,
                -0.15219025688020293,
                0.0,
                0.644217687237691,
                0.7648421872844884,
                0.0,
                0.0,
                0.0,
                0.0,
                1.0
            ],
            "fov": 50,
            "aspect": 1
        },
        {
            "camera_to_world": [
                0.2674988286245875,
                -0.7369699501103585,
                0.6207412257284103,
                0.4143300197293931,
                0.963558185417193,
                0.20459438918126802,
                -0.17232747671532322,
                -0.11502449630857266,
                0.0,
                0.644217687237691,
                0.7648421872844884,
                0.0,
                0.0,
                0.0,
                0.0,
                1.0
            ],
            "fov": 50,
            "aspect": 1
        },
        {
            "camera_to_world": [
                0.16996714290024073,
                -0.7537135269432824,
                0.634844145942173,
                0.4335978811949226,
                0.9854497299884603,
                0.12999804134231532,
                -0.10949583970559122,
                -0.07478554287610593,
                0.0,
                0.644217687237691,
                0.7648421872844884,
                0.0,
                0.0,
                0.0,
                0.0,
                1.0
            ],
            "fov": 50,
            "aspect": 1
        },
        {
            "camera_to_world": [
                0.07073720166770264,
                -0.7629262473595564,
                0.6426039133012555,
                0.44887274397182464,
                0.9974949866040544,
                0.054102796045909646,
                -0.04557015646003354,
                -0.0318317407504662,
                0.0,
                0.644217687237691,
                0.7648421872844884,
                0.0,
                0.0,
                0.0,
                0.0,
                1.0
            ],
            "fov": 50,
            "aspect": 1
        },
        {
            "camera_to_world": [
                -0.029199522301289083,
                -0.7645160609021017,
                0.6439429947752443,
                0.45980385739909246,
                0.9995736030415051,
                -0.02233302650458014,
                0.018810848725381833,
                0.013431780258592981,
                0.0,
                0.644217687237691,
                0.7648421872844884,
                0.0,
                0.0,
                0.0,
                0.0,
                1.0
            ],
            "fov": 50,
            "aspect": 1
        },
        {
            "camera_to_world": [
                -0.1288444942955252,
                -0.7584670826795236,
                0.6388480107046924,
                0.4660824609126603,
                0.9916648104524685,
                -0.09854570483655327,
                0.08300390212837311,
                0.06055691231889686,
                0.0,
                0.644217687237691,
                0.7648421872844884,
                0.0,
                0.0,
                0.0,
                0.0,
                1.0
            ],
            "fov": 50,
            "aspect": 1
        },
        {
            "camera_to_world": [
                -0.2272020946930875,
                -0.7448397520826958,
                0.6273698684862554,
                0.46744686282153375,
                0.973847630878195,
                -0.1737737470606785,
                0.1463676079787397,
                0.10905700545268203,
                0.0,
                0.644217687237691,
                0.7648421872844884,
                0.0,
                0.0,
                0.0,
                0.0,
                1.0
            ],
            "fov": 50,
            "aspect": 1
        },
        {
            "camera_to_world": [
                -0.323289566863504,
                -0.7237702288943452,
                0.6096232539228102,
                0.46368704296683316,
                0.9463000876874144,
                -0.24726549944613727,
                0.20826885707288142,
                0.15841188776311702,
                0.0,
                0.644217687237691,
                0.7648421872844884,
                0.0,
                0.0,
                0.0,
                0.0,
                1.0
            ],
            "fov": 50,
            "aspect": 1
        },
        {
            "camera_to_world": [
                -0.4161468365471428,
                -0.6954690328255112,
                0.5857854853208241,
                0.45464871341284085,
                0.9092974268256815,
                -0.3182866566962372,
                0.26808915259168176,
                0.20807341827357145,
                0.0,
                0.644217687237691,
                0.7648421872844884,
                0.0,
                0.0,
                0.0,
                0.0,
                1.0
            ],
            "fov": 50,
            "aspect": 1
        },
        {
            "camera_to_world": [
                -0.504846104599858,
                -0.6602189400721823,
                0.5560947417844493,
                0.44023677699092556,
                0.8632093666488735,
                -0.386127598884209,
                0.32523078991627796,
                0.25747151334592766,
                0.0,
                0.644217687237691,
                0.7648421872844884,
                0.0,
                0.0,
                0.0,
                0.0,
                1.0
            ],
            "fov": 50,
            "aspect": 1
        },
        {
            "camera_to_world": [
                -0.5885011172553464,
                -0.6183721579090181,
                0.5208476834086465,
                0.42041812998618683,
                0.8084964038195899,
                -0.4501104817409443,
                0.37912282869503644,
                0.3060205809727802,
                0.0,
                0.644217687237691,
                0.7648421872844884,
                0.0,
                0.0,
                0.0,
                0.0,
                1.0
            ],
            "fov": 50,
            "aspect": 1
        },
        {
            "camera_to_world": [
                -0.6662760212798247,
                -0.5703468055506858,
                0.48039648714957806,
                0.39522376245366153,
                0.7457052121767197,
                -0.5095960094508675,
                0.42922679749081927,
                0.35312629127830714,
                0.0,
                0.644217687237691,
                0.7648421872844884,
                0.0,
                0.0,
                0.0,
                0.0,
                1.0
            ],
            "fov": 50,
            "aspect": 1
        },
        {
            "camera_to_world": [
                -0.737393715541246,
                -0.516622736442879,
                0.43514532798887695,
                0.36475011749762126,
                0.6754631805511503,
                -0.5639898222844024,
                0.4750420740095893,
                0.39819260639227294,
                0.0,
                0.644217687237691,
                0.7648421872844884,
                0.0,
                0.0,
                0.0,
                0.0,
                1.0
            ],
            "fov": 50,
            "aspect": 1
        },
        {
            "camera_to_world": [
                -0.8011436155469341,
                -0.45773674372530704,
                0.38554634055083253,
                0.32915967925717576,
                0.5984721441039558,
                -0.6127484352439203,
                0.5161108871528878,
                0.4406289885508139,
                0.0,
                0.6442176872376909,
                0.7648421872844883,
                0.0,
                0.0,
                0.0,
                0.0,
                1.0
            ],
            "fov": 50,
            "aspect": 1
        },
        {
            "camera_to_world": [
                -0.8568887533689477,
                -0.3942771967720824,
                0.3320951015226802,
                0.2886807682200196,
                0.5155013718214634,
                -0.6553846683861845,
                0.5520228909153316,
                0.4798577018866108,
                0.0,
                0.6442176872376909,
                0.7648421872844883,
                0.0,
                0.0,
                0.0,
                0.0,
                1.0
            ],
            "fov": 50,
            "aspect": 1
        },
        {
            "camera_to_world": [
                -0.9040721420170617,
                -0.3268781623994244,
                0.27532567801615865,
                0.24360653173328256,
                0.42737988023382895,
                -0.691472514563302,
                0.5824192644262568,
                0.5153211209497253,
                0.0,
                0.644217687237691,
                0.7648421872844884,
                0.0,
                0.0,
                0.0,
                0.0,
                1.0
            ],
            "fov": 50,
            "aspect": 1
        },
        {
            "camera_to_world": [
                -0.9422223406686585,
                -0.25621306947962613,
                0.21580529134546872,
                0.1942931270904243,
                0.33498815015590383,
                -0.7206513959453271,
                0.606996297169247,
                0.5464889575878221,
                0.0,
                0.644217687237691,
                0.7648421872844884,
                0.0,
                0.0,
                0.0,
                0.0,
                1.0
            ],
            "fov": 50,
            "aspect": 1
        },
        {
            "camera_to_world": [
                -0.9709581651495909,
                -0.18298798026236796,
                0.15412864953939986,
                0.14115710423624891,
                0.23924932921398112,
                -0.7426297667947466,
                0.6255084235572215,
                0.5728653174382589,
                0.0,
                0.644217687237691,
                0.7648421872844884,
                0.0,
                0.0,
                0.0,
                0.0,
                1.0
            ],
            "fov": 50,
            "aspect": 1
        },
        {
            "camera_to_world": [
                -0.9899924966004455,
                -0.10793453563411246,
                0.09091200521529111,
                0.08467200483591955,
                0.14112000805986588,
                -0.7571880264951162,
                0.6377706765426067,
                0.5939954979602675,
                0.0,
                0.6442176872376909,
                0.7648421872844883,
                0.0,
                0.0,
                0.0,
                0.0,
                1.0
            ],
            "fov": 50,
            "aspect": 1
        },
        {
            "camera_to_world": [
                -0.9991351502732795,
                -0.03180264480421484,
                0.026786998186584685,
                0.025364204084306397,
                0.04158066243328916,
                -0.764180713727831,
                0.6436605357469349,
                0.6094724416667007,
                0.0,
                0.644217687237691,
                0.7648421872844884,
                0.0,
                0.0,
                0.0,
                0.0,
                1.0
            ],
            "fov": 50,
            "aspect": 1
        },
        {
            "camera_to_world": [
                -0.9982947757947529,
                0.04464700754000982,
                -0.03760565567339776,
                -0.036191968925100494,
                -0.05837414342758142,
                -0.7635379598735368,
                0.643119151643965,
                0.618942760992747,
                0.0,
                0.644217687237691,
                0.7648421872844884,
                0.0,
                0.0,
                0.0,
                0.0,
                1.0
            ],
            "fov": 50,
            "aspect": 1
        },
        {
            "camera_to_world": [
                -0.9874797699088647,
                0.12065056174323321,
                -0.10162256625266868,
                -0.0993797873102475,
                -0.15774569414324996,
                -0.7552661871162794,
                0.636151933564696,
                0.6221122550425849,
                0.0,
                0.644217687237691,
                0.7648421872844884,
                0.0,
                0.0,
                0.0,
                0.0,
                1.0
            ],
            "fov": 50,
            "aspect": 1
        },
        {
            "camera_to_world": [
                -0.9667981925794605,
                0.19544861541529152,
                -0.16462409774189715,
                -0.16354630529717315,
                -0.25554110202683294,
                -0.7394480442751646,
                0.6228284956491199,
                0.6187508432508549,
                0.0,
                0.6442176872376909,
                0.7648421872844883,
                0.0,
                0.0,
                0.0,
                0.0,
                1.0
            ],
            "fov": 50,
            "aspect": 1
        },
        {
            "camera_to_world": [
                -0.9364566872907957,
                0.2682938111288428,
                -0.22598075966398035,
                -0.22800909799825406,
                -0.3507832276896215,
                -0.7162415810046783,
                0.603281961284746,
                0.6086968467390175,
                0.0,
                0.6442176872376909,
                0.7648421872844883,
                0.0,
                0.0,
                0.0,
                0.0,
                1.0
            ],
            "fov": 50,
            "aspect": 1
        },
        {
            "camera_to_world": [
                -0.8967584163341461,
                0.3384583037677376,
                -0.2850794965348087,
                -0.2920634925746038,
                -0.44252044329485407,
                -0.6858786686147822,
                0.577707632981718,
                0.5918605547805367,
                0.0,
                0.6442176872376909,
                0.7648421872844883,
                0.0,
                0.0,
                0.0,
                0.0,
                1.0
            ],
            "fov": 50,
            "aspect": 1
        },
        {
            "camera_to_world": [
                -0.8481000317104073,
                0.4052410329148256,
                -0.3413298133110139,
                -0.35499021440869166,
                -0.5298361409084948,
                -0.6486626832894319,
                0.546361040974691,
                0.5682270212459731,
                0.0,
                0.644217687237691,
                0.7648421872844884,
                0.0,
                0.0,
                0.0,
                0.0,
                1.0
            ],
            "fov": 50,
            "aspect": 1
        },
        {
            "camera_to_world": [
                -0.7909677119144154,
                0.4679747276159045,
                -0.3941696754212509,
                -0.41606336584105025,
                -0.6118578909427207,
                -0.6049654748520286,
                0.5095553900491929,
                0.5378580441018027,
                0.0,
                0.644217687237691,
                0.7648421872844884,
                0.0,
                0.0,
                0.0,
                0.0,
                1.0
            ],
            "fov": 50,
            "aspect": 1
        },
        {
            "camera_to_world": [
                -0.7259323042001385,
                0.5260325735305234,
                -0.44307112442985025,
                -0.4745586498369432,
                -0.6877661591839753,
                -0.5552236513649026,
                0.4676584301029412,
                0.5008932898980958,
                0.0,
                0.6442176872376909,
                0.7648421872844883,
                0.0,
                0.0,
                0.0,
                0.0,
                1.0
            ],
            "fov": 50,
            "aspect": 1
        },
        {
            "camera_to_world": [
                -0.6536436208636107,
                0.5788344758536755,
                -0.4875455532229878,
                -0.5297617467155508,
                -0.7568024953079294,
                -0.49993421668587684,
                0.42108878171042546,
                0.4575505346045277,
                0.0,
                0.644217687237691,
                0.7648421872844884,
                0.0,
                0.0,
                0.0,
                0.0,
                1.0
            ],
            "fov": 50,
            "aspect": 1
        },
        {
            "camera_to_world": [
                -0.5748239465332678,
                0.6258528554313366,
                -0.5271485880094543,
                -0.5809767488557324,
                -0.8182771110644114,
                -0.4396496045700064,
                0.37031175340450395,
                0.40812500203862034,
                0.0,
                0.644217687237691,
                0.7648421872844884,
                0.0,
                0.0,
                0.0,
                0.0,
                1.0
            ],
            "fov": 50,
            "aspect": 1
        },
        {
            "camera_to_world": [
                -0.4902608213406987,
                0.6666179201569765,
                -0.5614845283566862,
                -0.627534556137784,
                -0.8715757724135885,
                -0.3749721589341098,
                0.31583469246735574,
                0.3529877913653032,
                0.0,
                0.644217687237691,
                0.7648421872844884,
                0.0,
                0.0,
                0.0,
                0.0,
                1.0
            ],
            "fov": 50,
            "aspect": 1
        },
        {
            "camera_to_world": [
                -0.40079917207997456,
                0.7007223589789957,
                -0.5902103008986869,
                -0.6688011338271027,
                -0.9161659367494553,
                -0.3065481154354598,
                0.2582019156841426,
                0.29258339561838154,
                0.0,
                0.644217687237691,
                0.7648421872844884,
                0.0,
                0.0,
                0.0,
                0.0,
                1.0
            ],
            "fov": 50,
            "aspect": 1
        },
        {
            "camera_to_world": [
                -0.30733286997841947,
                0.7278254116181128,
                -0.6130388872116944,
                -0.7041855346782422,
                -0.951602073889516,
                -0.23506114449871363,
                0.19798927070961939,
                0.2274263237840305,
                0.0,
                0.644217687237691,
                0.7648421872844884,
                0.0,
                0.0,
                0.0,
                0.0,
                1.0
            ],
            "fov": 50,
            "aspect": 1
        },
        {
            "camera_to_world": [
                -0.21079579943077964,
                0.7476562733314361,
                -0.6297421916073969,
                -0.7331475882488232,
                -0.9775301176650971,
                -0.1612255203070198,
                0.13579838238871705,
                0.1580968495730848,
                0.0,
                0.644217687237691,
                0.7648421872844884,
                0.0,
                0.0,
                0.0,
                0.0,
                1.0
            ],
            "fov": 50,
            "aspect": 1
        },
        {
            "camera_to_world": [
                -0.11215252693505473,
                0.7600168007039374,
                -0.6401533201896504,
                -0.7552051627614333,
                -0.9936910036334644,
                -0.08577898401048976,
                0.07225064151996381,
                0.08523592047064163,
                0.0,
                0.644217687237691,
                0.7648421872844884,
                0.0,
                0.0,
                0.0,
                0.0,
                1.0
            ],
            "fov": 50,
            "aspect": 1
        },
        {
            "camera_to_world": [
                -0.012388663462891358,
                0.7647834914319578,
                -0.6441682484031231,
                -0.7699409083243581,
                -0.9999232575641009,
                -0.00947537246048925,
                0.007980996124029955,
                0.00953927086642635,
                0.0,
                0.644217687237691,
                0.7648421872844884,
                0.0,
                0.0,
                0.0,
                0.0,
                1.0
            ],
            "fov": 50,
            "aspect": 1
        },
        {
            "camera_to_world": [
                0.08749898343944557,
                0.7619087183174011,
                -0.6417468604122645,
                -0.7770083948919561,
                -0.9961646088358407,
                0.06692291387899477,
                -0.05636839274700865,
                -0.06824920708276758,
                0.0,
                0.644217687237691,
                0.7648421872844884,
                0.0,
                0.0,
                0.0,
                0.0,
                1.0
            ],
            "fov": 50,
            "aspect": 1
        },
        {
            "camera_to_world": [
                0.18651236942257393,
                0.7514212051429547,
                -0.6329133499254748,
                -0.7761375639732232,
                -0.9824526126243327,
                0.14265252858477398,
                -0.12015456727063242,
                -0.14734477184383346,
                0.0,
                0.644217687237691,
                0.7648421872844884,
                0.0,
                0.0,
                0.0,
                0.0,
                1.0
            ],
            "fov": 50,
            "aspect": 1
        },
        {
            "camera_to_world": [
                0.28366218546322447,
                0.7334257396735466,
                -0.6177559784595678,
                -0.7671394197305115,
                -0.9589242746631389,
                0.2169568063795908,
                -0.18274019707590744,
                -0.2269297483705797,
                0.0,
                0.644217687237691,
                0.7648421872844884,
                0.0,
                0.0,
                0.0,
                0.0,
                1.0
            ],
            "fov": 50,
            "aspect": 1
        },
        {
            "camera_to_world": [
                0.3779777427129786,
                0.7081021266516372,
                -0.5964261934598698,
                -0.7499098926854642,
                -0.9258146823277331,
                0.2890933234814482,
                -0.2434999472378781,
                -0.30616197159751285,
                0.0,
                0.644217687237691,
                0.7648421872844884,
                0.0,
                0.0,
                0.0,
                0.0,
                1.0
            ],
            "fov": 50,
            "aspect": 1
        },
        {
            "camera_to_world": [
                0.46851667130037467,
                0.6757033912476675,
                -0.5691371150874084,
                -0.7244328176905269,
                -0.8834546557201544,
                0.35834131565662625,
                -0.30182672641742886,
                -0.3841836704663074,
                0.0,
                0.6442176872376909,
                0.7648421872844883,
                0.0,
                0.0,
                0.0,
                0.0,
                1.0
            ],
            "fov": 50,
            "aspect": 1
        },
        {
            "camera_to_world": [
                0.5543743361791587,
                0.6365532509161963,
                -0.5361614067927112,
                -0.6907819770458395,
                -0.8322674422239027,
                0.424008879857654,
                -0.35713775271726783,
                -0.4601306990287019,
                0.0,
                0.644217687237691,
                0.7648421872844884,
                0.0,
                0.0,
                0.0,
                0.0,
                1.0
            ],
            "fov": 50,
            "aspect": 1
        },
        {
            "camera_to_world": [
                0.6346928759426318,
                0.5910428809180998,
                -0.4978285509527389,
                -0.6491221695470314,
                -0.7727644875559894,
                0.48543988748984496,
                -0.408880376646001,
                -0.533142015791811,
                0.0,
                0.644217687237691,
                0.7648421872844884,
                0.0,
                0.0,
                0.0,
                0.0,
                1.0
            ],
            "fov": 50,
            "aspect": 1
        },
        {
            "camera_to_world": [
                0.7086697742912575,
                0.5396270058266706,
                -0.4545215567918871,
                -0.5997092767348357,
                -0.7055403255703945,
                0.5420205402313302,
                -0.45653760300917046,
                -0.6023693081475692,
                0.0,
                0.644217687237691,
                0.7648421872844884,
                0.0,
                0.0,
                0.0,
                0.0,
                1.0
            ],
            "fov": 50,
            "aspect": 1
        },
        {
            "camera_to_world": [
                0.7755658785102473,
                0.48281935606999365,
                -0.40667313348042183,
                -0.5428893085701992,
                -0.6312666378723244,
                0.5931855029029933,
                -0.49963325655433954,
                -0.666986655518813,
                0.0,
                0.644217687237691,
                0.7648421872844884,
                0.0,
                0.0,
                0.0,
                0.0,
                1.0
            ],
            "fov": 50,
            "aspect": 1
        },
        {
            "camera_to_world": [
                0.8347127848391573,
                0.4211875349063253,
                -0.3547613666474855,
                -0.47909642205994823,
                -0.5506855425976414,
                0.6384235521107077,
                -0.5377367397568144,
                -0.7262001228100673,
                0.0,
                0.644217687237691,
                0.7648421872844884,
                0.0,
                0.0,
                0.0,
                0.0,
                1.0
            ],
            "fov": 50,
            "aspect": 1
        },
        {
            "camera_to_world": [
                0.8855195169413169,
                0.3553473471199615,
                -0.29930494150752407,
                -0.4088499178841102,
                -0.4646021794137613,
                0.6772826842205004,
                -0.5704673352077725,
                -0.7792571749083593,
                0.0,
                0.644217687237691,
                0.7648421872844884,
                0.0,
                0.0,
                0.0,
                0.0,
                1.0
            ],
            "fov": 50,
            "aspect": 1
        },
        {
            "camera_to_world": [
                0.9274784307440338,
                0.2859566461033911,
                -0.24085796032907925,
                -0.33275023169891466,
                -0.373876664830241,
                0.7093746316294517,
                -0.5974980096167645,
                -0.8254558033621905,
                0.0,
                0.644217687237691,
                0.7648421872844884,
                0.0,
                0.0,
                0.0,
                0.0,
                1.0
            ],
            "fov": 50,
            "aspect": 1
        },
        {
            "camera_to_world": [
                0.9601702866503645,
                0.2137087608036554,
                -0.18000440602808251,
                -0.251473948379038,
                -0.27941549819893097,
                0.734378742207239,
                -0.6185586814202486,
                -0.8641532579853285,
                0.0,
                0.644217687237691,
                0.7648421872844884,
                0.0,
                0.0,
                0.0,
                0.0,
                1.0
            ],
            "fov": 50,
            "aspect": 1
        },
        {
            "camera_to_world": [
                0.9832684384425836,
                0.1393255682086938,
                -0.11735230720359899,
                -0.1657678788876121,
                -0.18216250427210112,
                0.7520451831462289,
                -0.6334389193472971,
                -0.8947742789827515,
                0.0,
                0.644217687237691,
                0.7648421872844884,
                0.0,
                0.0,
                0.0,
                0.0,
                1.0
            ],
            "fov": 50,
            "aspect": 1
        },
        {
            "camera_to_world": [
                0.996542097023217,
                0.06355028059110061,
                -0.05352766291705241,
                -0.07644225059210243,
                -0.0830894028175026,
                0.7621974372083081,
                -0.6419900449792956,
                -0.9168187292613602,
                0.0,
                0.644217687237691,
                0.7648421872844884,
                0.0,
                0.0,
                0.0,
                0.0,
                1.0
            ],
            "fov": 50,
            "aspect": 1
        },
        {
            "camera_to_world": [
                0.9998586363834152,
                -0.012859980423229,
                0.010831812083468461,
                0.015636927450439462,
                0.0168139004843435,
                0.7647340664267772,
                -0.6441266182955552,
                -0.9298685318365766,
                0.0,
                0.644217687237691,
                0.7648421872844884,
                0.0,
                0.0,
                0.0,
                0.0,
                1.0
            ],
            "fov": 50,
            "aspect": 1
        },
        {
            "camera_to_world": [
                0.9931849187581933,
                -0.08914174876411406,
                0.07508305919817233,
                0.10955625255945743,
                0.11654920485048657,
                0.7596297256409834,
                -0.6398272913617573,
                -0.9335938236327022,
                0.0,
                0.6442176872376909,
                0.7648421872844883,
                0.0,
                0.0,
                0.0,
                0.0,
                1.0
            ],
            "fov": 50,
            "aspect": 1
        },
        {
            "camera_to_world": [
                0.976587625728025,
                -0.1645328422176926,
                0.1385841012045277,
                0.20436398868341826,
                0.21511998808780858,
                0.746935415736788,
                -0.6291350216314561,
                -0.9277582444416242,
                0.0,
                0.644217687237691,
                0.7648421872844884,
                0.0,
                0.0,
