{
 "cells": [
  {
   "cell_type": "code",
   "execution_count": 22,
   "metadata": {},
   "outputs": [],
   "source": [
    "import os\n",
    "import json\n",
    "import math\n",
    "import numpy as np\n",
    "import copy\n",
    "from scipy.spatial.transform import Rotation"
   ]
  },
  {
   "cell_type": "code",
   "execution_count": 23,
   "metadata": {},
   "outputs": [],
   "source": [
    "SAVE_PATH = os.path.join(os.getcwd(), '../data/jackal_evaluation_data')\n",
    "if not os.path.exists(SAVE_PATH):\n",
    "    os.makedirs(SAVE_PATH)\n",
    "if not os.path.exists(os.path.join(SAVE_PATH, 'images')):\n",
    "    os.makedirs(os.path.join(SAVE_PATH, 'images'))"
   ]
  },
  {
   "cell_type": "code",
   "execution_count": 24,
   "metadata": {},
   "outputs": [],
   "source": [
    "pixel_size = 1.4e-3 # pixel size in mm\n",
    "\n",
    "transforms = {}\n",
    "transforms[\"focal_length\"] = 4.74 #Focal Length in mm\n",
    "transforms[\"pixel_width\"] = 3*pixel_size\n",
    "transforms[\"pixel_height\"] = transforms[\"pixel_width\"]\n",
    "transforms[\"w\"] = 1280  # image width\n",
    "transforms[\"h\"] = 720 # image height\n",
    "\n",
    "transforms[\"fov_x\"] = 2*math.atan((transforms[\"w\"]*transforms[\"pixel_width\"])/(2*transforms[\"focal_length\"])) # field of view in x\n",
    "transforms[\"fl_x\"] = transforms[\"focal_length\"]/transforms[\"pixel_width\"] # focal length/ pixel_width\n",
    "transforms[\"fl_y\"] = transforms[\"focal_length\"]/transforms[\"pixel_height\"]# focal length/ pixel_height\n",
    "transforms[\"cx\"] = transforms[\"w\"]//2 # optical center in x\n",
    "transforms[\"cy\"] = transforms[\"h\"]//2 # optical center in y\n",
    "transforms[\"camera_model\"] = \"OPENCV\" # camera model\n",
    "\n",
    "ground_truth = {}\n",
    "ground_truth = transforms.copy()"
   ]
  },
  {
   "cell_type": "code",
   "execution_count": 25,
   "metadata": {},
   "outputs": [
    {
     "name": "stdout",
     "output_type": "stream",
     "text": [
      "0.0042\n",
      "1.031736666064982\n"
     ]
    }
   ],
   "source": [
    "print(transforms[\"pixel_width\"])\n",
    "print(transforms[\"fov_x\"])"
   ]
  },
  {
   "cell_type": "code",
   "execution_count": 26,
   "metadata": {},
   "outputs": [],
   "source": [
    "frames = []\n",
    "ground_truth_frames = []\n",
    "\n",
    "z = 2.5\n",
    "pitch = 0.785\n",
    "total_frames = 300\n",
    "\n",
    "fov = 2\n",
    "\n",
    "for cnt in range(total_frames):\n",
    "    \n",
    "    r = np.random.uniform(1.5, 4)\n",
    "    angle = np.random.uniform(0, 2*np.pi)\n",
    "    \n",
    "    start_transform_matrix = np.eye(4)\n",
    "    start_transform_matrix[:3, :3] = Rotation.from_rotvec(np.array([pitch, 0, np.random.uniform(-fov//2,fov//2)])).as_matrix()\n",
    "    start_transform_matrix[0, 3] = 0\n",
    "    start_transform_matrix[1, 3] = -r\n",
    "    start_transform_matrix[2, 3] = z\n",
    "\n",
    "      \n",
    "    rot = Rotation.from_rotvec(np.array([0, 0, 1]) * angle).as_matrix()\n",
    "    rot_matrix = np.eye(4)\n",
    "    rot_matrix[:3, :3] = rot\n",
    "    transform_matrix = np.matmul(rot_matrix, start_transform_matrix)\n",
    "\n",
    "    frame = {}\n",
    "    file_path = \"images/{}.png\".format(cnt)\n",
    "\n",
    "    frame[\"file_path\"] = file_path\n",
    "    frame[\"transform_matrix\"] = transform_matrix.tolist().copy()\n",
    "    frames.append(frame.copy())\n",
    "\n",
    "    frame[\"transform_matrix\"] = transform_matrix.tolist().copy()\n",
    "    ground_truth_frames.append(frame.copy())\n",
    "\n",
    "transforms[\"frames\"] = frames\n",
    "ground_truth[\"frames\"] = ground_truth_frames"
   ]
  },
  {
   "cell_type": "code",
   "execution_count": 27,
   "metadata": {},
   "outputs": [
    {
     "name": "stdout",
     "output_type": "stream",
     "text": [
      "[{'file_path': 'images/0.png', 'transform_matrix': [[0.7133381700457433, 0.3859745570796473, -0.584954952490327, -1.937278729071614], [-0.6608007511585782, 0.6484521175706256, -0.3779579586229541, -0.45738860407668364], [0.23343312195155486, 0.6561505105578612, 0.7176179241564475, 2.5000000000000004], [0.0, 0.0, 0.0, 1.0]]}, {'file_path': 'images/1.png', 'transform_matrix': [[0.7051123782624857, 0.4962894859994507, -0.5064714010755419, -2.7247148114176527], [-0.7090148864685292, 0.5042202337877035, -0.49301100049095503, -2.573147354950965], [0.010696952231364493, 0.7067239219988769, 0.7074085617855392, 2.4999999999999996], [0.0, 0.0, 0.0, 1.0]]}, {'file_path': 'images/2.png', 'transform_matrix': [[-0.44351167458382335, 0.5821934388925838, -0.6814309900630289, -3.640908259470728], [-0.8470624818876852, -0.5207307353543468, 0.10641735307550121, -1.0614585720127754], [-0.29288657580388927, 0.6244119641452653, 0.7241043797313506, 2.4999999999999996], [0.0, 0.0, 0.0, 1.0]]}, {'file_path': 'images/3.png', 'transform_matrix': [[-0.7236775203354885, -0.421251211171914, 0.5466610134692929, 1.4257670513395695], [0.6768209190079373, -0.5880570140844349, 0.4428344970520589, 0.7565969024107055], [0.13492327506523819, 0.6904609802677443, 0.7106752736470967, 2.5], [0.0, 0.0, 0.0, 1.0]]}, {'file_path': 'images/4.png', 'transform_matrix': [[0.2726448426998482, 0.7616044946894832, -0.5878974259324087, -1.0772972202880218], [-0.9280423957045293, 0.047005830917410375, -0.3694966354850359, -1.4604863357402091], [-0.2537756913578853, 0.6463350876507795, 0.7196171572074186, 2.5], [0.0, 0.0, 0.0, 1.0]]}, {'file_path': 'images/5.png', 'transform_matrix': [[-0.06313215284433696, 0.7136262739061525, -0.6976760512358585, -1.884803952725601], [-0.9840777067444316, -0.160894678003545, -0.07552462961680881, -0.6813171293446041], [-0.16614872363596372, 0.6817994160902139, 0.7124213345017003, 2.5], [0.0, 0.0, 0.0, 1.0]]}, {'file_path': 'images/6.png', 'transform_matrix': [[-0.4075714793080462, 0.6398216537010541, -0.6515471899332382, -3.698671462670867], [-0.9129070905021321, -0.30271202809346565, 0.27379932826519676, 1.4202172929536685], [-0.022048432270413063, 0.7063948467413881, 0.7074745134148845, 2.5], [0.0, 0.0, 0.0, 1.0]]}, {'file_path': 'images/7.png', 'transform_matrix': [[-0.30885016368228563, 0.6496677685785667, -0.694653414922558, -1.9759130709854682], [-0.9226151329810327, -0.3820817877853205, 0.05286609345473546, -0.5301363638057306], [-0.23106902169658505, 0.6572254544012424, 0.7173993373981215, 2.5], [0.0, 0.0, 0.0, 1.0]]}, {'file_path': 'images/8.png', 'transform_matrix': [[0.04682294311256277, -0.7130812985994177, 0.6995160281123267, 2.334421638125531], [0.9954127398831241, -0.025182627537655815, -0.09230012214873377, -0.5953689090636454], [0.08343314255527706, 0.7006289295041045, 0.7086310844616421, 2.4999999999999996], [0.0, 0.0, 0.0, 1.0]]}, {'file_path': 'images/9.png', 'transform_matrix': [[-0.10064606273620032, -0.7472929739295603, 0.6568284259768408, 1.1973336061161752], [0.9372386306942445, -0.2927374983912855, -0.1894426197295358, -1.2108596494094666], [0.3338474489794377, 0.5965383207733812, 0.7298547202414987, 2.5], [0.0, 0.0, 0.0, 1.0]]}, {'file_path': 'images/10.png', 'transform_matrix': [[-0.4970653327947164, 0.5842222390189794, -0.6415687261465666, -2.349552955084668], [-0.8626677845409025, -0.41234014652662715, 0.2928820531847084, 0.7149200803092566], [-0.09343633366613069, 0.6990421868514447, 0.7089496967719088, 2.5], [0.0, 0.0, 0.0, 1.0]]}, {'file_path': 'images/11.png', 'transform_matrix': [[-0.01815907937688516, -0.7560187301589776, 0.6542980417859978, 1.4117638127262884], [0.9598007305824201, 0.17014451984190768, 0.2232339578586101, 1.3045323268532625], [-0.2800942795018081, 0.632049461685218, 0.7225376616992288, 2.5], [0.0, 0.0, 0.0, 1.0]]}, {'file_path': 'images/12.png', 'transform_matrix': [[-0.9501115767179473, -0.2388306594432224, -0.20061881241910498, -2.567652997532479], [0.050058152618651784, -0.7516130432786234, 0.6577020712525194, 2.699944832882527], [-0.3078671355356791, 0.6148477447981426, 0.7260716752316496, 2.5], [0.0, 0.0, 0.0, 1.0]]}, {'file_path': 'images/13.png', 'transform_matrix': [[0.5057566572444832, -0.7608102197666206, 0.4066669560605494, 0.2614961592998385], [0.799786927523105, 0.23683191560711714, -0.5515899875025062, -1.8042259371476366], [0.323343585394914, 0.6042172235616342, 0.7282653860615869, 2.5], [0.0, 0.0, 0.0, 1.0]]}, {'file_path': 'images/14.png', 'transform_matrix': [[-0.9391432727503636, -0.19396788063158604, 0.28352490989510415, 1.8745896919581753], [0.33658762033954215, -0.6846044731720623, 0.6465489070031495, 3.3456505450786005], [0.0686927003538249, 0.7026330312446845, 0.7082288728384388, 2.4999999999999996], [0.0, 0.0, 0.0, 1.0]]}, {'file_path': 'images/15.png', 'transform_matrix': [[-0.13937947547335372, 0.7267882399463029, -0.6725713464700438, -2.8967276969822415], [-0.9400828692182736, -0.3105365520276457, -0.14075243819245006, -2.324462860980628], [-0.3111552037474401, 0.6126548001366972, 0.7265235956597368, 2.5], [0.0, 0.0, 0.0, 1.0]]}, {'file_path': 'images/16.png', 'transform_matrix': [[-0.4571067053981144, 0.5772731076695907, -0.6766160056055239, -3.8657548743471826], [-0.8580852636790908, -0.486360493709396, 0.1647517842560062, -0.40271751894398694], [-0.23397252004640745, 0.6559033688892332, 0.7176681897248114, 2.5], [0.0, 0.0, 0.0, 1.0]]}, {'file_path': 'images/17.png', 'transform_matrix': [[-0.7931585518623554, 0.40638619159116224, -0.45359648906450173, -1.7773337030422618], [-0.6074638073098823, -0.581042256132076, 0.5416434430485884, 1.8749050709516981], [-0.0434423113587862, 0.705152579143676, 0.7077235376266838, 2.5], [0.0, 0.0, 0.0, 1.0]]}, {'file_path': 'images/18.png', 'transform_matrix': [[-0.9595809371674314, 0.08262767530111836, -0.2690299096740112, -1.2261375589496761], [-0.24415566791377868, -0.7198526893017658, 0.6497692786909764, 1.8197453202687277], [-0.1399729790011282, 0.689191390674135, 0.7109309334739917, 2.5], [0.0, 0.0, 0.0, 1.0]]}, {'file_path': 'images/19.png', 'transform_matrix': [[-0.9161043495497097, -0.19295215915627, 0.3514573729672445, 2.2288664610236197], [0.38041059751886225, -0.6952015801207436, 0.6099037139524267, 2.6265169934633805], [0.12665148254736508, 0.6924335544112191, 0.7102782375196355, 2.5], [0.0, 0.0, 0.0, 1.0]]}, {'file_path': 'images/20.png', 'transform_matrix': [[-0.8722998748526894, 0.19733915671482874, -0.44738147654888727, -1.6130662820642971], [-0.4380501253664819, -0.7219233851245378, 0.5356666068337076, 1.0077116408712676], [-0.2172671535193291, 0.6632374259926898, 0.7161781208360107, 2.5], [0.0, 0.0, 0.0, 1.0]]}, {'file_path': 'images/21.png', 'transform_matrix': [[-0.9014854113471031, 0.1090603172991643, -0.4188435272496754, -1.5400277724392184], [-0.34865310158387314, -0.7563868317844628, 0.5534618102986041, 0.9326484640806815], [-0.2564470079456757, 0.6449688425758783, 0.7198959120748235, 2.4999999999999996], [0.0, 0.0, 0.0, 1.0]]}, {'file_path': 'images/22.png', 'transform_matrix': [[-0.8036104251672151, -0.4116632373038906, 0.42981817506365233, 0.9439894749272799], [0.594929202207546, -0.575559475127474, 0.5610619706874453, 1.1746736318325999], [0.016417336058590123, 0.7065866327942155, 0.7074360758635878, 2.5], [0.0, 0.0, 0.0, 1.0]]}, {'file_path': 'images/23.png', 'transform_matrix': [[0.7190207309971932, 0.5521026778841588, -0.4221277312252806, -1.5881721582704638], [-0.6851291821537595, 0.46114407950716696, -0.563865357773297, -3.0787287120952054], [-0.11664986994241577, 0.6946429089889484, 0.7098338093059452, 2.5], [0.0, 0.0, 0.0, 1.0]]}, {'file_path': 'images/24.png', 'transform_matrix': [[0.010502908391752842, 0.7405658583879334, -0.6719017028594718, -2.6599340346590905], [-0.9685309983331613, 0.1746352318739847, 0.17734215814658932, 1.9151224328551262], [0.2486712572515866, 0.6488950186112258, 0.7190951679982645, 2.5], [0.0, 0.0, 0.0, 1.0]]}, {'file_path': 'images/25.png', 'transform_matrix': [[0.15287400743430493, 0.6935165206622711, -0.7040343552835143, -3.6165744187127924], [-0.9833435397005449, 0.1776199893639519, -0.03855674140215487, 0.3087900000133242], [0.09831083755201717, 0.6982019585670375, 0.7091184698433497, 2.5], [0.0, 0.0, 0.0, 1.0]]}, {'file_path': 'images/26.png', 'transform_matrix': [[-0.7540111170033462, 0.4448470560182687, -0.48329942291217914, -2.1490437071600015], [-0.6558022078820359, -0.551588056866503, 0.5154358152663456, 2.0621255263397527], [-0.037292084581221144, 0.7055931634264286, 0.7076352083902215, 2.5], [0.0, 0.0, 0.0, 1.0]]}, {'file_path': 'images/27.png', 'transform_matrix': [[0.6415717337989161, 0.5765620703476108, -0.5059267629081603, -1.0067922275020547], [-0.7636342949912094, 0.4177882779937632, -0.4922556432223858, -1.2043660911041985], [-0.07244566173023441, 0.7021603334050444, 0.708323719981892, 2.5000000000000004], [0.0, 0.0, 0.0, 1.0]]}, {'file_path': 'images/28.png', 'transform_matrix': [[-0.5501057850303931, -0.5218023705934599, 0.6520014657338896, 2.7352871098963227], [0.8049819467190941, -0.5391060977357417, 0.247727028885583, 0.10624813866026041], [0.22223341497720941, 0.6611254808485196, 0.7166068711925535, 2.4999999999999996], [0.0, 0.0, 0.0, 1.0]]}, {'file_path': 'images/29.png', 'transform_matrix': [[-0.8796728505862973, 0.15762733266596815, -0.44869733667360945, -2.4568088774282977], [-0.40406115666240217, -0.7453021208021028, 0.5303388826067064, 1.339601830814852], [-0.2508191731467511, 0.6478258814870708, 0.7193131235126188, 2.5000000000000004], [0.0, 0.0, 0.0, 1.0]]}, {'file_path': 'images/30.png', 'transform_matrix': [[0.8707896230041319, 0.2504872196249445, -0.4230621529667796, -2.8375458870636825], [-0.46886348369186326, 0.6820382804843931, -0.5612404276370532, -2.45260444367941], [0.14796102908756734, 0.6870807352549315, 0.7113561675510313, 2.5], [0.0, 0.0, 0.0, 1.0]]}, {'file_path': 'images/31.png', 'transform_matrix': [[-0.010051941965653708, 0.7105037091076482, -0.7036216581423526, -2.1004392571370243], [-0.9964412960713487, -0.06600797147559667, -0.05241842410190766, -0.4110415923427465], [-0.08368812309025558, 0.7005907700262338, 0.7086387450652687, 2.5], [0.0, 0.0, 0.0, 1.0]]}, {'file_path': 'images/32.png', 'transform_matrix': [[-0.1463444193558233, -0.6954541767503403, 0.7035103403390124, 1.8278119335566967], [0.9800774348431918, -0.19846716510325343, 0.007681541971949604, -0.3347251989358321], [0.13428154241963347, 0.6906187605447626, 0.7106435076386893, 2.5], [0.0, 0.0, 0.0, 1.0]]}, {'file_path': 'images/33.png', 'transform_matrix': [[0.6975215728954474, -0.5449179427538976, 0.46532579018395365, 2.265280767467846], [0.712561936125444, 0.4589396637037858, -0.5306881120438015, -3.223825676592124], [0.07562501259913622, 0.7017398526122881, 0.7084081004089836, 2.5], [0.0, 0.0, 0.0, 1.0]]}, {'file_path': 'images/34.png', 'transform_matrix': [[-0.6847154992702543, 0.6748509285065685, -0.27521066358865653, 0.20224421428666545], [-0.658869184864223, -0.4117596986157212, 0.629559645968708, 3.454174505220757], [0.3115382517371512, 0.6123970728944683, 0.7265767287870197, 2.4999999999999996], [0.0, 0.0, 0.0, 1.0]]}, {'file_path': 'images/35.png', 'transform_matrix': [[-0.8512956839793403, 0.5107771923911207, -0.12000965865792158, 0.4740328745732311], [-0.44492549901306905, -0.5815183167224153, 0.681085712406522, 1.941990165103663], [0.2780952332675235, 0.6332006846564304, 0.7223018303898371, 2.4999999999999996], [0.0, 0.0, 0.0, 1.0]]}, {'file_path': 'images/36.png', 'transform_matrix': [[0.8508478205398716, 0.1782925799181257, -0.4942365245797698, -2.8104624933008258], [-0.43879754399529697, 0.7585163381020481, -0.48177762527534945, -0.9961198599866029], [0.2889891030233598, 0.6267892155887802, 0.7236163192986708, 2.5], [0.0, 0.0, 0.0, 1.0]]}, {'file_path': 'images/37.png', 'transform_matrix': [[-0.39147962439621536, -0.6252058060383721, 0.6751750912011694, 3.750740706172474], [0.9131416655859779, -0.3545689091000987, 0.20112977718486127, 0.4808102838340574], [0.11364859107557895, 0.6952687169688244, 0.7097079744169855, 2.5], [0.0, 0.0, 0.0, 1.0]]}, {'file_path': 'images/38.png', 'transform_matrix': [[-0.9247520474456952, -0.12793829550301333, 0.3584207629152899, 2.1759589575781653], [0.3336896927535439, -0.7254263978685884, 0.6020030981859228, 2.108002368237979], [0.18298863269350998, 0.6763049118697779, 0.7135312372179453, 2.5], [0.0, 0.0, 0.0, 1.0]]}, {'file_path': 'images/39.png', 'transform_matrix': [[0.7110514746505295, -0.5142409527449434, 0.4795435777041334, 1.5146642039078781], [0.7023524158195209, 0.4871748324971276, -0.5190007385099548, -1.8026436582783618], [0.03326987210360386, 0.7058448307534515, 0.7075847585334505, 2.5], [0.0, 0.0, 0.0, 1.0]]}, {'file_path': 'images/40.png', 'transform_matrix': [[-0.9597153811474213, -0.2800759862334925, 0.022446138295839413, -0.6960344571536907], [0.21499891627713846, -0.6805875797119941, 0.7004113165429479, 2.9854227899152836], [-0.18089182731321907, 0.6770214090241948, 0.7133864019829493, 2.5], [0.0, 0.0, 0.0, 1.0]]}, {'file_path': 'images/41.png', 'transform_matrix': [[-0.26073808371791063, 0.6803789273201276, -0.6849088749299607, -1.4218436012009579], [-0.9134669708853546, -0.40344300350802875, -0.05302674817444188, -0.8705040119601636], [-0.3123999756732494, 0.6118155426099711, 0.7266966334174254, 2.5], [0.0, 0.0, 0.0, 1.0]]}, {'file_path': 'images/42.png', 'transform_matrix': [[0.9988557692665533, -0.02745373446391545, 0.039159221990569336, 0.22839551880730521], [0.04709711839941539, 0.7069163915032394, -0.7057273388940734, -3.3944072906925533], [-0.00830744493772401, 0.7067641104979961, 0.7074005078246574, 2.5], [0.0, 0.0, 0.0, 1.0]]}, {'file_path': 'images/43.png', 'transform_matrix': [[0.0022309690272418713, -0.7421439577329135, 0.6702368005248046, 2.7697714515755196], [0.9684879554886405, 0.16852710924220635, 0.18338400563816457, 2.0349658318383845], [-0.24905040222941302, 0.6487071445968456, 0.7191334630639675, 2.5], [0.0, 0.0, 0.0, 1.0]]}, {'file_path': 'images/44.png', 'transform_matrix': [[-0.3524768708457168, -0.770372792546389, 0.5313057650949131, 0.7337019595824583], [0.8913511680288176, -0.10343913199025558, 0.44135409959211414, 1.5103482443006953], [-0.28504938304173744, 0.6291471262569523, 0.7231325900207678, 2.5000000000000004], [0.0, 0.0, 0.0, 1.0]]}, {'file_path': 'images/45.png', 'transform_matrix': [[0.9400982825883466, 0.012678889999916277, 0.34066767504829587, 2.588767485339137], [0.20811287049159896, 0.7701433116805044, -0.6029662615847858, -1.9927097898876909], [-0.27000787434848667, 0.637744874712573, 0.7213717644652141, 2.4999999999999996], [0.0, 0.0, 0.0, 1.0]]}, {'file_path': 'images/46.png', 'transform_matrix': [[0.4427808070891069, -0.7770145999060659, 0.44742984746922654, 0.4827388519471945], [0.8361276586183317, 0.1776202981668827, -0.5189812792120098, -2.165397670959764], [0.32378340810941114, 0.6039034204340326, 0.7283302571094588, 2.5], [0.0, 0.0, 0.0, 1.0]]}, {'file_path': 'images/47.png', 'transform_matrix': [[-0.9428259714224421, -0.014434752774408994, 0.33297270987825717, 1.1468898740268905], [0.2272276052288001, -0.7587101075866166, 0.6105133807443445, 0.9923294765094653], [0.2438171508186266, 0.6512684627388663, 0.7186115685183762, 2.5], [0.0, 0.0, 0.0, 1.0]]}, {'file_path': 'images/48.png', 'transform_matrix': [[-0.8845379827015161, -0.4659266247049634, -0.02247081550305369, -1.488742759488885], [0.3265847149041162, -0.6529617870179072, 0.6833617846246438, 2.4741830012714385], [-0.33306903360914414, 0.5971208295524627, 0.7297340157655043, 2.4999999999999996], [0.0, 0.0, 0.0, 1.0]]}, {'file_path': 'images/49.png', 'transform_matrix': [[-0.9969166140205588, 0.060421178912188005, -0.05006541549458599, -0.1263889406958122], [-0.07812693438045497, -0.7048505519397418, 0.705040340373906, 2.084854287395448], [0.007310732801590261, 0.7067778863045323, 0.7073977471103515, 2.4999999999999996], [0.0, 0.0, 0.0, 1.0]]}, {'file_path': 'images/50.png', 'transform_matrix': [[0.1727215000575811, 0.7544661671246182, -0.633204616283036, -2.6268740227574408], [-0.9567720753910336, -0.02421070564346843, -0.2898293247485143, -2.5570983063883697], [-0.23399675034024178, 0.6558922505995426, 0.7176704511359469, 2.5], [0.0, 0.0, 0.0, 1.0]]}, {'file_path': 'images/51.png', 'transform_matrix': [[0.6387524304450874, -0.6708337300320976, 0.37679893743443166, 0.4149010527922736], [0.7262420165583814, 0.3639334381193116, -0.5832023542509691, -2.057863478402051], [0.25410207788546213, 0.6461691413785403, 0.7196510089928383, 2.4999999999999996], [0.0, 0.0, 0.0, 1.0]]}, {'file_path': 'images/52.png', 'transform_matrix': [[-0.32243206428815097, 0.6587433024940011, -0.6797755698303509, -2.5319876968119956], [-0.9450755751204122, -0.26466462311140193, 0.19179362498300512, 0.5108276793048715], [-0.05356977907088756, 0.7042797020308026, 0.7078985662350926, 2.4999999999999996], [0.0, 0.0, 0.0, 1.0]]}, {'file_path': 'images/53.png', 'transform_matrix': [[-0.9315806106731404, 0.27120698694254164, -0.24208332460416848, -0.6142185868106571], [-0.3628802085237735, -0.6537888130173716, 0.6639865527516948, 1.8612292929241838], [0.021806422897893748, 0.706404245603666, 0.7074726296568042, 2.4999999999999996], [0.0, 0.0, 0.0, 1.0]]}, {'file_path': 'images/54.png', 'transform_matrix': [[0.16558526412523047, 0.7164138027207261, -0.6777409413454425, -2.9254618193405593], [-0.9802029649903079, 0.04391256674626191, -0.19306432582423025, -1.34936866843144], [-0.1085526035099439, 0.6962922875868897, 0.7095022075499338, 2.5], [0.0, 0.0, 0.0, 1.0]]}, {'file_path': 'images/55.png', 'transform_matrix': [[0.4323878424975049, 0.5986557037491145, -0.6742789497151793, -2.747643396052376], [-0.8859090288527105, 0.42133369246234903, -0.19401832952917078, -0.10573545957079653], [0.16794626002861782, 0.6812409764280883, 0.7125340593808164, 2.5], [0.0, 0.0, 0.0, 1.0]]}, {'file_path': 'images/56.png', 'transform_matrix': [[0.9035135878691843, 0.4241454454260808, 0.06135012355379048, 2.16848447253172], [-0.2726144269330226, 0.6792784101881986, -0.6813679003887496, -3.208917262170219], [-0.330672906001888, 0.5989002275642454, 0.7293654410922973, 2.5], [0.0, 0.0, 0.0, 1.0]]}, {'file_path': 'images/57.png', 'transform_matrix': [[-0.9076416947567263, -0.19710260023609616, 0.37059023046932493, 1.090169471797271], [0.3954753226957758, -0.6974309336170478, 0.5976532121328596, 1.155226139946356], [0.14066208827473645, 0.6890142653198281, 0.7109666089964897, 2.5], [0.0, 0.0, 0.0, 1.0]]}, {'file_path': 'images/58.png', 'transform_matrix': [[-0.7886217795061107, 0.5796949073999998, -0.2050109831768059, 0.2164811332280574], [-0.5485419707834644, -0.5126426726002138, 0.6605294819448277, 1.9177732919902237], [0.27780819854282157, 0.6333650642116404, 0.7222681636750831, 2.4999999999999996], [0.0, 0.0, 0.0, 1.0]]}, {'file_path': 'images/59.png', 'transform_matrix': [[0.9452839394883404, -0.11126917947069567, 0.3066878599575172, 2.416714063807887], [0.2897109014161503, 0.7185502657960683, -0.6322603175315066, -3.0707530278061195], [-0.15001955654528912, 0.6865163401000138, 0.7114699202563921, 2.5], [0.0, 0.0, 0.0, 1.0]]}, {'file_path': 'images/60.png', 'transform_matrix': [[-0.9175841343086858, 0.015557317965457522, 0.3972371159933342, 3.208317659118783], [0.2280280893774928, -0.797914242403217, 0.5579749566288357, 1.576198802929906], [0.32564174627929715, 0.602570188133982, 0.728605943876625, 2.5], [0.0, 0.0, 0.0, 1.0]]}, {'file_path': 'images/61.png', 'transform_matrix': [[0.97254081489312, 0.16513949112721493, 0.1639918041771312, 1.7237680242748068], [-0.010817883739670422, 0.7359517127298884, -0.6769475976184117, -2.6426936325041175], [-0.23248083094831934, 0.6565851239559031, 0.7175295382361556, 2.5], [0.0, 0.0, 0.0, 1.0]]}, {'file_path': 'images/62.png', 'transform_matrix': [[-0.8006328834984642, 0.5011826789708502, -0.3283335318856963, -0.6746491578173713], [-0.58259575790235, -0.5232607207725808, 0.6219167154617609, 2.29851147310678], [0.13988984500356078, 0.6892126960497464, 0.710926642396189, 2.499999999999999], [0.0, 0.0, 0.0, 1.0]]}, {'file_path': 'images/63.png', 'transform_matrix': [[0.6344623933659614, 0.6823246780000062, -0.36316732396585977, -0.5374154982083461], [-0.7235993058082741, 0.3591104046687874, -0.5894436036572146, -3.585215277427857], [-0.2717747523927117, 0.6367674230445584, 0.7215717101654365, 2.5], [0.0, 0.0, 0.0, 1.0]]}, {'file_path': 'images/64.png', 'transform_matrix': [[0.4813664455116106, -0.7200927541141082, 0.4997527094552623, 0.9905351681612549], [0.8443826664096029, 0.22798915755743368, -0.48480806171438684, -2.019303979676483], [0.23516857316088524, 0.6553528587780859, 0.7177801701697137, 2.4999999999999996], [0.0, 0.0, 0.0, 1.0]]}, {'file_path': 'images/65.png', 'transform_matrix': [[-0.47925676290113134, 0.7326791191307167, -0.48321244148238346, -0.6760799171386546], [-0.8387701032630077, -0.2202457905221991, 0.4979523126057503, 1.650584337360782], [0.25841375560463503, 0.6439511628587129, 0.7201036250201905, 2.5], [0.0, 0.0, 0.0, 1.0]]}, {'file_path': 'images/66.png', 'transform_matrix': [[-0.4674412139022151, 0.7256285137769606, -0.5049375917273969, -0.9689028030874678], [-0.8511333163743491, -0.21505825341311524, 0.4788757932872604, 1.9484079717160618], [0.23889493360727906, 0.6536154891315995, 0.7181336944218911, 2.5000000000000004], [0.0, 0.0, 0.0, 1.0]]}, {'file_path': 'images/67.png', 'transform_matrix': [[0.10380828077072934, 0.7450899993257591, -0.6588358928808947, -2.7696995225872416], [-0.9380000978296258, 0.29360914441732117, 0.1842538650507535, 2.7250587994390267], [0.3307259550066158, 0.5988610550196674, 0.7293735527599647, 2.5], [0.0, 0.0, 0.0, 1.0]]}, {'file_path': 'images/68.png', 'transform_matrix': [[0.1422640236029133, -0.7030236226751648, 0.6967917433128762, 2.7277038951498604], [0.9676884792135362, 0.24683896991935775, 0.05147358668816241, 1.0777762190768885], [-0.20818250355325993, 0.6669545028634546, 0.7154241653204475, 2.5], [0.0, 0.0, 0.0, 1.0]]}, {'file_path': 'images/69.png', 'transform_matrix': [[0.31002879008539114, 0.6556657802512744, -0.6884653469316199, -1.995220458727613], [-0.9456689290575653, 0.28727201066958463, -0.15226643918136218, -0.15656654781875132], [0.09794093083744856, 0.6982672672360787, 0.7091053501232046, 2.5], [0.0, 0.0, 0.0, 1.0]]}, {'file_path': 'images/70.png', 'transform_matrix': [[0.4371082131286598, 0.5881492517052058, -0.6804534280419756, -1.6292355523223176], [-0.8346183732063795, 0.5471939726360345, -0.06317378742113566, 0.727700216974099], [0.33518439868497213, 0.5955327144913204, 0.7300631512744583, 2.4999999999999996], [0.0, 0.0, 0.0, 1.0]]}, {'file_path': 'images/71.png', 'transform_matrix': [[-0.6065379678481947, 0.6389254834978335, -0.4731658484037513, -1.2266171372562422], [-0.7780734737592563, -0.3546739109113651, 0.51846705425807, 2.2202316247412397], [0.16344223135648234, 0.6826277488176821, 0.7122541635914228, 2.4999999999999996], [0.0, 0.0, 0.0, 1.0]]}, {'file_path': 'images/72.png', 'transform_matrix': [[0.24120962195464515, 0.7411029339219268, -0.6265655269872495, -2.8528576493991835], [-0.9494387755614551, 0.04651611799483675, -0.31048713697519864, -2.666045591046708], [-0.20095753217250284, 0.6697780916833597, 0.7148519973841682, 2.5], [0.0, 0.0, 0.0, 1.0]]}, {'file_path': 'images/73.png', 'transform_matrix': [[0.5624274118486707, 0.7471695367514004, -0.3541371058670689, -0.06340813921916214], [-0.7566473046790835, 0.2923800516310726, -0.5848066019891446, -1.8066701720381309], [-0.33340705259949743, 0.5968681502299392, 0.7297863718363113, 2.5], [0.0, 0.0, 0.0, 1.0]]}, {'file_path': 'images/74.png', 'transform_matrix': [[-0.7130148197655082, 0.4578271331233482, -0.5310406603743411, -1.9628381631403644], [-0.6968868862485932, -0.5461279388265845, 0.4648579806863242, 1.370251305592056], [-0.07719154467621855, 0.7015259015952886, 0.7084510391137957, 2.5], [0.0, 0.0, 0.0, 1.0]]}, {'file_path': 'images/75.png', 'transform_matrix': [[-0.7792632834688408, -0.5306650860450836, 0.3333816154051165, 0.7568344786721217], [0.6057262651637628, -0.501311757951682, 0.6178852749743701, 2.8025578652087813], [-0.1607620189227537, 0.6834333089571785, 0.7120916271658599, 2.5], [0.0, 0.0, 0.0, 1.0]]}, {'file_path': 'images/76.png', 'transform_matrix': [[0.6531978025289604, -0.6415908652579828, 0.4021116665664529, 0.5880703674904705], [0.7267061279852338, 0.3820346138334516, -0.5709183456343251, -1.8734951983529644], [0.2126754201125422, 0.6651396210200069, 0.7157921836883351, 2.4999999999999996], [0.0, 0.0, 0.0, 1.0]]}, {'file_path': 'images/77.png', 'transform_matrix': [[0.9265754068355363, -0.2728885769291971, 0.2588239556708736, 0.841581156799998], [0.3759614093671711, 0.6527395201285244, -0.657711287366299, -2.235847379540297], [0.0105372726172871, 0.7067269228237606, 0.7074079604032227, 2.5], [0.0, 0.0, 0.0, 1.0]]}, {'file_path': 'images/78.png', 'transform_matrix': [[-0.7766066378009607, 0.6068619626523053, -0.1691173805653307, 0.7080252242936637], [-0.5443303975634974, -0.5112422104466475, 0.6650833184992614, 3.0046378645770644], [0.3171538245266036, 0.6085638508352409, 0.7273675075535961, 2.4999999999999996], [0.0, 0.0, 0.0, 1.0]]}, {'file_path': 'images/79.png', 'transform_matrix': [[-0.13201099048549986, -0.7120519312354281, 0.6896050649574252, 1.5233102570852717], [0.9604638146916112, -0.2639155073678409, -0.08864460298751105, -0.8088642971792017], [0.24511703135252672, 0.6506386494780897, 0.7187398616650199, 2.5], [0.0, 0.0, 0.0, 1.0]]}, {'file_path': 'images/80.png', 'transform_matrix': [[0.27963336749798884, 0.6744990153900807, -0.6832688036340797, -3.1510147443547067], [-0.903595196226102, 0.42543886986987867, 0.050174588797048066, 2.0054253462685048], [0.3245318183766379, 0.6033679194667647, 0.7284409740119653, 2.5], [0.0, 0.0, 0.0, 1.0]]}, {'file_path': 'images/81.png', 'transform_matrix': [[-0.9110837014940485, 0.404694559884865, 0.07841429762166398, 2.1143696375393275], [-0.24803774061607325, -0.6901327928424923, 0.679848518034345, 2.9821356952103235], [0.32924727501070833, 0.5999491990519006, 0.7291482636988214, 2.5], [0.0, 0.0, 0.0, 1.0]]}, {'file_path': 'images/82.png', 'transform_matrix': [[0.06390996857598184, 0.7123097633476013, -0.698949438054214, -1.48596473440347], [-0.9951363049520557, -0.007121215460603851, -0.09824979825288606, -0.3731963553438532], [-0.07496166008691488, 0.7018291026525247, 0.7083901892226953, 2.5], [0.0, 0.0, 0.0, 1.0]]}, {'file_path': 'images/83.png', 'transform_matrix': [[-0.4482560938738707, -0.7296639429995451, 0.5163884241453287, 0.8723710245800611], [0.8617217630052532, -0.19911033049842441, 0.4666804896842443, 1.6458513767395582], [-0.23770165642682725, 0.6541755166430218, 0.7180197183620919, 2.4999999999999996], [0.0, 0.0, 0.0, 1.0]]}, {'file_path': 'images/84.png', 'transform_matrix': [[0.5480061123810931, 0.5352569492828992, -0.6427980235169712, -3.1904245895339653], [-0.8186163832530117, 0.5011221295426177, -0.2806133075112982, -0.5278801189267539], [0.17192009150392867, 0.6799828009053139, 0.712788097971792, 2.5], [0.0, 0.0, 0.0, 1.0]]}, {'file_path': 'images/85.png', 'transform_matrix': [[0.4432528843336578, -0.5854693004285622, 0.6787875800171824, 2.461916745016288], [0.8666546622238622, 0.47334095433516665, -0.15766431871135847, 0.2634359160412568], [-0.2289903425377066, 0.6581595849068549, 0.7172094420876653, 2.5], [0.0, 0.0, 0.0, 1.0]]}, {'file_path': 'images/86.png', 'transform_matrix': [[0.7151168012253118, 0.5970533927888241, -0.3635040670537704, -0.763229703002427], [-0.6706193981741327, 0.4393216656441499, -0.5977174055422962, -2.8613085394080775], [-0.1971739927014763, 0.6712106377695485, 0.7145618911942857, 2.5], [0.0, 0.0, 0.0, 1.0]]}, {'file_path': 'images/87.png', 'transform_matrix': [[0.8781531511477264, -0.3181690822545286, 0.3572330866907896, 1.732630957413824], [0.4773030134715329, 0.63281425860721, -0.609694962611961, -2.671220128997227], [-0.03207610419474041, 0.70591398144584, 0.7075708970406922, 2.4999999999999996], [0.0, 0.0, 0.0, 1.0]]}, {'file_path': 'images/88.png', 'transform_matrix': [[-0.922713639908184, -0.2696407734589419, 0.2754875532866316, 1.1921822034881595], [0.3854580160404602, -0.6540023749742364, 0.6509247355863899, 2.7660198152754587], [0.004653664958227177, 0.7068060178128953, 0.7073921095021733, 2.500000000000001], [0.0, 0.0, 0.0, 1.0]]}, {'file_path': 'images/89.png', 'transform_matrix': [[0.5741604372151315, 0.5631732091684846, -0.5942858982104483, -2.367986229021312], [-0.8177344628761082, 0.43046366884307297, -0.382114352034681, -1.3366997675566112], [0.040621922180663204, 0.7053630031983755, 0.7076813500137731, 2.5], [0.0, 0.0, 0.0, 1.0]]}, {'file_path': 'images/90.png', 'transform_matrix': [[-0.7365172558114407, -0.5286108976247454, 0.4220341820330965, 1.7553813735620045], [0.6696824980394185, -0.4820105754543118, 0.5649700496220013, 3.1668761453955625], [-0.09522438611862047, 0.6987390958451969, 0.7090105727179024, 2.499999999999999], [0.0, 0.0, 0.0, 1.0]]}, {'file_path': 'images/91.png', 'transform_matrix': [[0.3899131789731495, -0.6261982249640377, 0.6751618294267986, 2.911781618326726], [0.9140850586066881, 0.3519210485744894, -0.2014946182959725, -0.38426483606821454], [-0.11142808665260519, 0.6957207475863577, 0.7096170959628996, 2.5], [0.0, 0.0, 0.0, 1.0]]}, {'file_path': 'images/92.png', 'transform_matrix': [[-0.7914177134213289, -0.4863955351175038, 0.3702396336168135, 0.6637734354474928], [0.6034543392910255, -0.5250973055548783, 0.6000963923319638, 1.5101505034789797], [-0.09747237184857489, 0.6983496281353371, 0.7090888051643807, 2.499999999999999], [0.0, 0.0, 0.0, 1.0]]}, {'file_path': 'images/93.png', 'transform_matrix': [[0.386122679774758, 0.6922184298209294, -0.609707242518741, -1.3138148616048246], [-0.914343423201329, 0.19978523075374632, -0.3522243120813041, -1.1021403133058636], [-0.12200565811484029, 0.6934836025378822, 0.7100669774035723, 2.5], [0.0, 0.0, 0.0, 1.0]]}, {'file_path': 'images/94.png', 'transform_matrix': [[-0.9963044720147106, 0.06052018086178258, -0.060948394170361436, -0.24688791627449397], [-0.08589112079458908, -0.7047947319462065, 0.704192517135424, 2.8367191948678876], [-0.00033824863330183093, 0.7068250798672413, 0.7073882894553244, 2.4999999999999996], [0.0, 0.0, 0.0, 1.0]]}, {'file_path': 'images/95.png', 'transform_matrix': [[0.6995517056674999, -0.5689747651250464, 0.43231369137304726, 0.8937674081897834], [0.7036230041822488, 0.4429169046829779, -0.5556431260544823, -1.703489199214802], [0.12466787510517324, 0.6928869548468556, 0.710187009681121, 2.5], [0.0, 0.0, 0.0, 1.0]]}, {'file_path': 'images/96.png', 'transform_matrix': [[0.9114726160687076, 0.21803049701891658, -0.34882713846051405, -1.4663338697941362], [-0.3978024823035852, 0.6830942698707132, -0.6124829822475911, -1.8627980529191455], [0.10474185042270447, 0.6970257677012245, 0.7093547941126122, 2.5], [0.0, 0.0, 0.0, 1.0]]}, {'file_path': 'images/97.png', 'transform_matrix': [[-0.9414227799648297, 0.11217495224915867, -0.31802504532063336, -2.437254633949757], [-0.2973798231552078, -0.720854884572135, 0.6260459057997836, 2.9026241184503974], [-0.15902323774678118, 0.683948108760009, 0.7119877768474243, 2.5], [0.0, 0.0, 0.0, 1.0]]}, {'file_path': 'images/98.png', 'transform_matrix': [[0.9992157104808833, 0.023952433623051272, -0.031531648414205624, -0.19142043963263936], [-0.0392303490272618, 0.7070082385607308, -0.7061163716572871, -3.661133162413139], [0.0053799296819728015, 0.7067995695604138, 0.707393401740383, 2.5], [0.0, 0.0, 0.0, 1.0]]}, {'file_path': 'images/99.png', 'transform_matrix': [[0.20119808223676422, 0.683320028840261, -0.701849748799551, -2.559745871942084], [-0.9683090106281317, 0.2469808093174411, -0.03712330488076465, 0.41121641235324913], [0.14797632121598597, 0.6870765736179967, 0.7113570062526527, 2.5], [0.0, 0.0, 0.0, 1.0]]}, {'file_path': 'images/100.png', 'transform_matrix': [[0.04024522172379651, -0.7067126278122418, 0.7063551400104043, 1.990571339666261], [0.9991822761538298, 0.031214015437799343, -0.025699499222745267, -0.061467097517494566], [-0.0038860196156887054, 0.706811818612963, 0.7073909470162746, 2.4999999999999996], [0.0, 0.0, 0.0, 1.0]]}, {'file_path': 'images/101.png', 'transform_matrix': [[0.7715346802213069, 0.39938211844994614, -0.49520517028625544, -1.454011691813327], [-0.6293312311863503, 0.5930988500762373, -0.5021712412033547, -1.1282834718599628], [0.09314740291215068, 0.6990906075042623, 0.7089399719511119, 2.5000000000000004], [0.0, 0.0, 0.0, 1.0]]}, {'file_path': 'images/102.png', 'transform_matrix': [[0.9743266073223955, 0.20095161479193077, -0.10151901682022924, -0.07704464016616688], [-0.21363231911949107, 0.6828903414146414, -0.6985857240383762, -1.7706904646797506], [-0.07105557325965678, 0.7023384014242064, 0.7082879890225667, 2.5], [0.0, 0.0, 0.0, 1.0]]}, {'file_path': 'images/103.png', 'transform_matrix': [[-0.6991992319032864, -0.5055002080965256, 0.5055590704558899, 1.8146382593099595], [0.714926720852996, -0.4948413640306846, 0.49397551382091137, 1.770719479361504], [0.00046681499141864945, 0.7068249882811307, 0.7073883078091856, 2.5], [0.0, 0.0, 0.0, 1.0]]}, {'file_path': 'images/104.png', 'transform_matrix': [[0.7280950205557957, 0.5314643428814375, -0.4329241195492081, -1.4272275180224736], [-0.6796353239219806, 0.47742575858215297, -0.5569205253173205, -2.4145218321344277], [-0.08929427484066337, 0.6997215855523233, 0.7088132583359474, 2.5], [0.0, 0.0, 0.0, 1.0]]}, {'file_path': 'images/105.png', 'transform_matrix': [[-0.27315253049820554, -0.742303543542312, 0.6118603961092383, 1.8083044117491767], [0.9390028065208391, -0.06758681567256378, 0.33720283464590095, 1.8898158711665385], [-0.2089531632409876, 0.6666464367202228, 0.7154866204058713, 2.5], [0.0, 0.0, 0.0, 1.0]]}, {'file_path': 'images/106.png', 'transform_matrix': [[-0.9476299833425006, -0.310362289961601, -0.0753170873048279, -0.8825602049404006], [0.1756070337441108, -0.7033407851067329, 0.6888206658521789, 1.5999370333407603], [-0.26675753854368706, 0.6395209058156235, 0.721008617600981, 2.5], [0.0, 0.0, 0.0, 1.0]]}, {'file_path': 'images/107.png', 'transform_matrix': [[0.4913067619521607, 0.6264245286181231, -0.6051528530922125, -2.9963249587076555], [-0.8705105865069495, 0.3301933046966534, -0.36494342070083896, -1.9777789740790213], [-0.028792089875682395, 0.7060911353919301, 0.707535387158498, 2.5], [0.0, 0.0, 0.0, 1.0]]}, {'file_path': 'images/108.png', 'transform_matrix': [[0.4181769143188492, 0.6339945879891581, -0.6505220447696017, -3.107782149427898], [-0.9078601974513181, 0.31559067442365807, -0.2760296869912265, -1.16413187383885], [0.030297363159516824, 0.7060123147773547, 0.707551186253194, 2.5], [0.0, 0.0, 0.0, 1.0]]}, {'file_path': 'images/109.png', 'transform_matrix': [[0.9233406959724672, 0.21487768624524725, -0.3182287528099387, -1.3888612814785213], [-0.37532478061860436, 0.6800441882687177, -0.6298183952978328, -2.106021930708075], [0.08107569435210835, 0.7009760922854856, 0.7085613945379, 2.5], [0.0, 0.0, 0.0, 1.0]]}, {'file_path': 'images/110.png', 'transform_matrix': [[-0.8439900103885762, 0.437942544681641, -0.30965656770373906, -0.7054602733186321], [-0.5266185206159244, -0.5670853721097392, 0.6333143883439365, 2.202910311899506], [0.10175360489234099, 0.6975819007807814, 0.7092430440931273, 2.5000000000000004], [0.0, 0.0, 0.0, 1.0]]}, {'file_path': 'images/111.png', 'transform_matrix': [[0.8671182936122783, -0.435228138823979, 0.24224436434878382, 0.5615331761035429], [0.4761100483635442, 0.5812968145170583, -0.6598584964063011, -3.925898881988919], [0.1463731079474459, 0.6875103494552908, 0.7112695921109444, 2.5], [0.0, 0.0, 0.0, 1.0]]}, {'file_path': 'images/112.png', 'transform_matrix': [[-0.4801852192845179, 0.5585804999124167, -0.676320915171396, -3.4170170042687555], [-0.8243192260220886, -0.5509416047790312, 0.13023502498886735, -0.909825135142571], [-0.29986658498576424, 0.6200412673694397, 0.7250026606626178, 2.5000000000000004], [0.0, 0.0, 0.0, 1.0]]}, {'file_path': 'images/113.png', 'transform_matrix': [[0.4487495589680053, -0.660775225532607, 0.6016643039505944, 2.567787931847913], [0.8898926665200055, 0.2686750432271845, -0.36865263219