{
 "cells": [
  {
   "cell_type": "code",
   "execution_count": 1,
   "metadata": {},
   "outputs": [],
   "source": [
    "import os\n",
    "import json\n",
    "import math\n",
    "import numpy as np\n",
    "import copy\n",
    "from scipy.spatial.transform import Rotation"
   ]
  },
  {
   "cell_type": "code",
   "execution_count": 2,
   "metadata": {},
   "outputs": [],
   "source": [
    "SAVE_PATH = os.path.join(os.getcwd(), '../data/jackal_evaluation_data')\n",
    "if not os.path.exists(SAVE_PATH):\n",
    "    os.makedirs(SAVE_PATH)\n",
    "if not os.path.exists(os.path.join(SAVE_PATH, 'images')):\n",
    "    os.makedirs(os.path.join(SAVE_PATH, 'images'))"
   ]
  },
  {
   "cell_type": "code",
   "execution_count": 3,
   "metadata": {},
   "outputs": [],
   "source": [
    "pixel_size = 1.4e-3 # pixel size in mm\n",
    "\n",
    "transforms = {}\n",
    "transforms[\"focal_length\"] = 4.74 #Focal Length in mm\n",
    "transforms[\"pixel_width\"] = 3*pixel_size\n",
    "transforms[\"pixel_height\"] = transforms[\"pixel_width\"]\n",
    "transforms[\"w\"] = 1280  # image width\n",
    "transforms[\"h\"] = 720 # image height\n",
    "\n",
    "transforms[\"fov_x\"] = 2*math.atan((transforms[\"w\"]*transforms[\"pixel_width\"])/(2*transforms[\"focal_length\"])) # field of view in x\n",
    "transforms[\"fl_x\"] = transforms[\"focal_length\"]/transforms[\"pixel_width\"] # focal length/ pixel_width\n",
    "transforms[\"fl_y\"] = transforms[\"focal_length\"]/transforms[\"pixel_height\"]# focal length/ pixel_height\n",
    "transforms[\"cx\"] = transforms[\"w\"]//2 # optical center in x\n",
    "transforms[\"cy\"] = transforms[\"h\"]//2 # optical center in y\n",
    "transforms[\"camera_model\"] = \"OPENCV\" # camera model\n",
    "\n",
    "ground_truth = {}\n",
    "ground_truth = transforms.copy()"
   ]
  },
  {
   "cell_type": "code",
   "execution_count": 4,
   "metadata": {},
   "outputs": [
    {
     "name": "stdout",
     "output_type": "stream",
     "text": [
      "0.0042\n",
      "1.031736666064982\n"
     ]
    }
   ],
   "source": [
    "print(transforms[\"pixel_width\"])\n",
    "print(transforms[\"fov_x\"])"
   ]
  },
  {
   "cell_type": "code",
   "execution_count": 5,
   "metadata": {},
   "outputs": [],
   "source": [
    "frames = []\n",
    "ground_truth_frames = []\n",
    "\n",
    "z = 2.5\n",
    "pitch = 0.785\n",
    "total_frames = 300\n",
    "\n",
    "fov = 2\n",
    "\n",
    "for cnt in range(total_frames):\n",
    "    \n",
    "    r = np.random.uniform(2, 4)\n",
    "    angle = np.random.uniform(0, 2*np.pi)\n",
    "    \n",
    "    start_transform_matrix = np.eye(4)\n",
    "    start_transform_matrix[:3, :3] = Rotation.from_rotvec(np.array([pitch, 0, np.random.uniform(-fov//2,fov//2)])).as_matrix()\n",
    "    start_transform_matrix[0, 3] = 0\n",
    "    start_transform_matrix[1, 3] = -r\n",
    "    start_transform_matrix[2, 3] = z\n",
    "\n",
    "      \n",
    "    rot = Rotation.from_rotvec(np.array([0, 0, 1]) * angle).as_matrix()\n",
    "    rot_matrix = np.eye(4)\n",
    "    rot_matrix[:3, :3] = rot\n",
    "    transform_matrix = np.matmul(rot_matrix, start_transform_matrix)\n",
    "\n",
    "    frame = {}\n",
    "    file_path = \"images/{}.png\".format(cnt)\n",
    "\n",
    "    frame[\"file_path\"] = file_path\n",
    "    frame[\"transform_matrix\"] = transform_matrix.tolist().copy()\n",
    "    frames.append(frame.copy())\n",
    "\n",
    "    frame[\"transform_matrix\"] = transform_matrix.tolist().copy()\n",
    "    ground_truth_frames.append(frame.copy())\n",
    "\n",
    "transforms[\"frames\"] = frames\n",
    "ground_truth[\"frames\"] = ground_truth_frames"
   ]
  },
  {
   "cell_type": "code",
   "execution_count": 6,
   "metadata": {},
   "outputs": [
    {
     "name": "stdout",
     "output_type": "stream",
     "text": [
      "[{'file_path': 'images/0.png', 'transform_matrix': [[-0.10548500622015836, -0.7273131539748515, 0.6781507867118399, 2.020412730370007], [0.9825934761593962, 0.028632782608470006, 0.18354896994832356, 1.061473464149531], [-0.1529149242936334, 0.6857082031121184, 0.7116328309690484, 2.5], [0.0, 0.0, 0.0, 1.0]]}, {'file_path': 'images/1.png', 'transform_matrix': [[-0.5852952390284603, -0.4837015591142055, 0.6507397981383222, 3.880844285018686], [0.7600502690193445, -0.6068319467384655, 0.2325480100564742, -0.3024461705038613], [0.2824058634912517, 0.6307042017682226, 0.7228133494462244, 2.5], [0.0, 0.0, 0.0, 1.0]]}, {'file_path': 'images/2.png', 'transform_matrix': [[-0.6059939201849692, -0.4649414731796343, 0.645446198545165, 3.791949051188844], [0.740298189211617, -0.6265444840651301, 0.24372238415369435, -0.2830026894921291], [0.29108411112400845, 0.6255169350266317, 0.723877478753162, 2.5], [0.0, 0.0, 0.0, 1.0]]}, {'file_path': 'images/3.png', 'transform_matrix': [[-0.762453921052141, 0.6062868771226927, -0.22600938232964657, 0.26747616001543195], [-0.5805836881947883, -0.4868536259908923, 0.6526071772986081, 2.867990770673352], [0.28563368021707813, 0.6288002619976657, 0.7232037273392017, 2.4999999999999996], [0.0, 0.0, 0.0, 1.0]]}, {'file_path': 'images/4.png', 'transform_matrix': [[-0.8522776788336743, 0.1713842385338823, -0.494216755021565, -3.4691052770820834], [-0.43218437688027855, -0.7629711421547871, 0.48071998150651585, 1.1879356339111897], [-0.29468529407231986, 0.6232996703201285, 0.7243328643906262, 2.5], [0.0, 0.0, 0.0, 1.0]]}, {'file_path': 'images/5.png', 'transform_matrix': [[-0.782064528490071, -0.4618451511270511, 0.41841860577421036, 1.1403281986911267], [0.6220346445775038, -0.5375025882697153, 0.5693539044818215, 1.7409436209132159], [-0.03805225647633974, 0.7055423615799323, 0.7076453926885065, 2.4999999999999996], [0.0, 0.0, 0.0, 1.0]]}, {'file_path': 'images/6.png', 'transform_matrix': [[0.3756212782892902, -0.6655436051986316, 0.6449498933060829, 3.2433902859413153], [0.9260956814140756, 0.24294178512896047, -0.2886625675499911, -1.6516137023755684], [0.035432247494602206, 0.7057131135366284, 0.7076111624472294, 2.5], [0.0, 0.0, 0.0, 1.0]]}, {'file_path': 'images/7.png', 'transform_matrix': [[0.6325923505755384, 0.5518790705541746, -0.5433750173476649, -2.3071705339232316], [-0.7744332872940505, 0.44263724257645254, -0.4520236221872095, -1.969222755531694], [-0.008944357117506112, 0.7067543865930898, 0.7074024565317676, 2.4999999999999996], [0.0, 0.0, 0.0, 1.0]]}, {'file_path': 'images/8.png', 'transform_matrix': [[0.927594063690838, -0.3218245878939889, 0.1897318835419655, 0.28286280381284323], [0.3607059467323891, 0.6392855326949319, -0.6791209227220497, -2.097451371995815], [0.09726496284587094, 0.6983859551235416, 0.7090815077893161, 2.5], [0.0, 0.0, 0.0, 1.0]]}, {'file_path': 'images/9.png', 'transform_matrix': [[-0.8130488057381017, 0.5490444362080903, -0.1936539350408019, 0.21112837498755394], [-0.5199198769686451, -0.5350562783887912, 0.6658814462722665, 2.0152102586483998], [0.2619827494717082, 0.6420786447357338, 0.7204859838703093, 2.5], [0.0, 0.0, 0.0, 1.0]]}, {'file_path': 'images/10.png', 'transform_matrix': [[0.3586144412969467, -0.6999912185337834, 0.617582364117425, 3.087516947143354], [0.9246981074926554, 0.17581701036877312, -0.3376711253046196, -2.511672732865358], [0.12778533755004984, 0.6921709852634504, 0.7103310739835644, 2.5], [0.0, 0.0, 0.0, 1.0]]}, {'file_path': 'images/11.png', 'transform_matrix': [[0.03881277525661127, 0.7442798413639424, -0.6667391440557129, -2.9003303477332816], [-0.9711433028055495, -0.1290357036444952, -0.20057535392190792, -2.145854753710751], [-0.2353173471990716, 0.6552841406017964, 0.717794149588137, 2.5], [0.0, 0.0, 0.0, 1.0]]}, {'file_path': 'images/12.png', 'transform_matrix': [[0.6071001552345655, -0.6744959478314173, 0.4201007234856477, 0.9475281512927436], [0.759763413811095, 0.3378361778770753, -0.5555414223543733, -2.992175218811849], [0.23278521548474146, 0.6564464435705378, 0.7175577399591724, 2.5], [0.0, 0.0, 0.0, 1.0]]}, {'file_path': 'images/13.png', 'transform_matrix': [[0.3307203893070351, -0.6486541392921507, 0.6854719773088921, 1.8431191465116137], [0.8871458402297965, 0.46140896603384285, 0.008603733291333165, 1.0099916141673573], [-0.3218637635080586, 0.6052681832400734, 0.7280481742973395, 2.4999999999999996], [0.0, 0.0, 0.0, 1.0]]}, {'file_path': 'images/14.png', 'transform_matrix': [[-0.7788327729582029, 0.5190076383771844, -0.35220815304642555, -1.2070056100417699], [-0.6118338434094818, -0.5049733860272889, 0.6088195360391423, 3.5609536797632058], [0.13812624596729728, 0.6896614754430411, 0.7108362606569175, 2.4999999999999996], [0.0, 0.0, 0.0, 1.0]]}, {'file_path': 'images/15.png', 'transform_matrix': [[-0.5259641165318759, 0.7134413596372905, -0.46299370889866065, -1.4047044988626978], [-0.8135988590047553, -0.2634308559532598, 0.5183252654057038, 3.6820173682937427], [0.24782785304925617, 0.6493116435815911, 0.7190102535863929, 2.5], [0.0, 0.0, 0.0, 1.0]]}, {'file_path': 'images/16.png', 'transform_matrix': [[-0.4868706221280385, -0.5939527577611773, 0.6404507154001383, 2.640871642396125], [0.8701761300466343, -0.3934725218951186, 0.2966022205084756, 0.8929454170297052], [0.0758320513089274, 0.7017118326360099, 0.7084137237045119, 2.5], [0.0, 0.0, 0.0, 1.0]]}, {'file_path': 'images/17.png', 'transform_matrix': [[0.15250222081198805, -0.6961200416368306, 0.7015411322787488, 2.4162819042940997], [0.9739828638980618, 0.2262606771659623, 0.012786195733293567, 0.6414000330322008], [-0.1676318987554026, 0.6813391179140806, 0.7125142475205117, 2.5], [0.0, 0.0, 0.0, 1.0]]}, {'file_path': 'images/18.png', 'transform_matrix': [[-0.9799301839408715, 0.1917385232736469, -0.054526812619579375, 0.21258104241927], [-0.1740391925017319, -0.689548196500104, 0.7030175276455053, 3.4876858557776296], [0.09719667728350935, 0.6983978976173216, 0.7090791087944632, 2.4999999999999996], [0.0, 0.0, 0.0, 1.0]]}, {'file_path': 'images/19.png', 'transform_matrix': [[-0.2544871985892057, 0.6791216005899368, -0.6884984512447219, -1.9531839129900026], [-0.9216039235403725, -0.38605015684401756, -0.04014329976099181, -1.0597335528709813], [-0.2930571170765344, 0.6243069181203039, 0.7241259545948608, 2.5], [0.0, 0.0, 0.0, 1.0]]}, {'file_path': 'images/20.png', 'transform_matrix': [[0.6354069685888976, 0.5406014754158924, -0.5513692311390145, -2.6369411753352345], [-0.7720744462547133, 0.45645059579063174, -0.4422147702676325, -2.0386718428087254], [0.01261085679664367, 0.7066844404545337, 0.7074164741581277, 2.5], [0.0, 0.0, 0.0, 1.0]]}, {'file_path': 'images/21.png', 'transform_matrix': [[-0.9556803632246591, -0.052932581279908, -0.2896086759505482, -2.3475090667689247], [-0.1490784545635357, -0.7612568041953163, 0.6310813675361377, 2.2593372966444236], [-0.2538713409026933, 0.6462864843901502, 0.7196270717273555, 2.5], [0.0, 0.0, 0.0, 1.0]]}, {'file_path': 'images/22.png', 'transform_matrix': [[0.17281629607887405, 0.7360243218101945, -0.654524808936546, -2.453224311229581], [-0.9681551540470106, 0.004729909355049166, -0.25030626370449055, -1.7763844911258828], [-0.18113565497104064, 0.6769385686023038, 0.7134031460800239, 2.4999999999999996], [0.0, 0.0, 0.0, 1.0]]}, {'file_path': 'images/23.png', 'transform_matrix': [[-0.9566955065297653, 0.14734191561521492, -0.2510459473654055, -1.4903616023913402], [-0.2804785959523676, -0.6973420144283827, 0.6595800725655324, 2.9032606573572677], [-0.0778810952564456, 0.7014303064566026, 0.7084702253347367, 2.4999999999999996], [0.0, 0.0, 0.0, 1.0]]}, {'file_path': 'images/24.png', 'transform_matrix': [[-0.6193142208587397, -0.7234530142600774, 0.30506660256432594, -0.1686613109997942], [0.709791634292238, -0.3497927536205592, 0.6114252737688396, 3.3274708787833687], [-0.3356273703542156, 0.5951980894396041, 0.7301325239958558, 2.4999999999999996], [0.0, 0.0, 0.0, 1.0]]}, {'file_path': 'images/25.png', 'transform_matrix': [[0.38783884604099245, -0.614387312784582, 0.68710207348758, 3.714650392491516], [0.8945186203687813, 0.4306733213060606, -0.11982039946828288, 0.5680018478753156], [-0.22230039881908348, 0.6610966042905886, 0.7166127353601311, 2.4999999999999996], [0.0, 0.0, 0.0, 1.0]]}, {'file_path': 'images/26.png', 'transform_matrix': [[-0.24298875560625818, -0.6820026284232633, 0.6898035078721205, 2.351272622535674], [0.9278017301076829, -0.3709325597688189, -0.0399122251013667, -1.2238887851458877], [0.2830908233378693, 0.6303026661272441, 0.72289565970116, 2.5], [0.0, 0.0, 0.0, 1.0]]}, {'file_path': 'images/27.png', 'transform_matrix': [[0.9279070100691121, -0.3727099798121997, -0.008709283150174243, -1.1761417134261518], [0.2630401388530318, 0.6710680464718833, -0.6931648882889178, -2.754440200495152], [0.26419399315044606, 0.6409016679279277, 0.7207264293963571, 2.4999999999999996], [0.0, 0.0, 0.0, 1.0]]}, {'file_path': 'images/28.png', 'transform_matrix': [[-0.044599140284736626, 0.7467996526203151, -0.6635519539056747, -2.4549485972465463], [-0.9695139232750153, 0.12784144428586652, 0.2090438176526422, 1.900788709926535], [0.24094329055142785, 0.6526460326770399, 0.7183310426044317, 2.4999999999999996], [0.0, 0.0, 0.0, 1.0]]}, {'file_path': 'images/29.png', 'transform_matrix': [[-0.7218643516813198, 0.447732966233235, -0.5276808208753627, -2.9197756541254485], [-0.6869850296981769, -0.5555692819837227, 0.4683954972954862, 2.029425739833949], [-0.08344714939590744, 0.700626836385875, 0.7086315046578281, 2.5], [0.0, 0.0, 0.0, 1.0]]}, {'file_path': 'images/30.png', 'transform_matrix': [[-0.22814018069719078, 0.6800835691397141, -0.6967340934227642, -3.093003954036847], [-0.9460723996961415, -0.3238926679536794, -0.006368216314810992, -1.113440820329308], [-0.2299979836534176, 0.6577080496938102, 0.7173012260433735, 2.5], [0.0, 0.0, 0.0, 1.0]]}, {'file_path': 'images/31.png', 'transform_matrix': [[0.5366575576217304, 0.7242604416498449, -0.4329497413195324, -0.8100750998595911], [-0.7978230670199193, 0.26847396852120237, -0.5398148589631497, -2.9532503309716263], [-0.27473081293951684, 0.635113014264113, 0.7219102711098827, 2.4999999999999996], [0.0, 0.0, 0.0, 1.0]]}, {'file_path': 'images/32.png', 'transform_matrix': [[0.8076818101142517, -0.5503762347049015, 0.21150908699774956, -0.21894949733694388], [0.5328315945245312, 0.5277132051679343, -0.66152041916167, -3.493886719415631], [0.2524689792568821, 0.6469967336574747, 0.7194822034974506, 2.5], [0.0, 0.0, 0.0, 1.0]]}, {'file_path': 'images/33.png', 'transform_matrix': [[-0.021595130435127445, 0.766917793550221, -0.6413819051684814, -2.4568393840854696], [-0.9516045504361311, 0.1809497962153289, 0.24840682526629643, 2.6944019226508376], [0.3065655393724794, 0.6157063173183235, 0.7258948277013478, 2.5000000000000004], [0.0, 0.0, 0.0, 1.0]]}, {'file_path': 'images/34.png', 'transform_matrix': [[-0.22260150888791608, -0.6827409916055746, 0.6959262221114102, 2.962802501875361], [0.9457095182236014, -0.3246204005173991, -0.015971935048929062, -1.1494220667609856], [0.23681654372553199, 0.6545886753904013, 0.7179356452137844, 2.5], [0.0, 0.0, 0.0, 1.0]]}, {'file_path': 'images/35.png', 'transform_matrix': [[0.3154314565935084, -0.6756139421969203, 0.6663698652403438, 3.2238417809696602], [0.9487635347440457, 0.2106721253831029, -0.23551010748277862, -1.2364195961386153], [0.018728356342225375, 0.7065147250381287, 0.707450487294352, 2.5], [0.0, 0.0, 0.0, 1.0]]}, {'file_path': 'images/36.png', 'transform_matrix': [[-0.3596948414141997, 0.7783952494460177, -0.5145099189518958, -1.321172427381027], [-0.8829258931168796, -0.10560896756544266, 0.457480724439317, 3.211414748128695], [0.3017639612739976, 0.6188275863353491, 0.7252523216554304, 2.5000000000000004], [0.0, 0.0, 0.0, 1.0]]}, {'file_path': 'images/37.png', 'transform_matrix': [[-0.15084968451260689, 0.6975353230228997, -0.7004918599225733, -2.080658280387297], [-0.9721273353932067, -0.23332334095449564, -0.02299265854868049, -0.6249253017535659], [-0.1794792925764725, 0.677498849962988, 0.7132899072853041, 2.5], [0.0, 0.0, 0.0, 1.0]]}, {'file_path': 'images/38.png', 'transform_matrix': [[-0.7302325160105012, -0.6023317631826652, 0.3224235097232142, 0.3291080026644194], [0.6443799699542506, -0.4504048549177029, 0.6179886091088758, 2.1901890640135484], [-0.22701305443241115, 0.6590386284033931, 0.7170307938920354, 2.500000000000001], [0.0, 0.0, 0.0, 1.0]]}, {'file_path': 'images/39.png', 'transform_matrix': [[-0.9490618986402372, 0.21432860511731794, -0.23096484922570706, -1.120109952250517], [-0.3148390416366389, -0.6742840057607248, 0.6679951028537516, 3.0621840192048517], [-0.01256544510598767, 0.7066854523787341, 0.7074162713604717, 2.5], [0.0, 0.0, 0.0, 1.0]]}, {'file_path': 'images/40.png', 'transform_matrix': [[-0.8185462865883321, -0.2597271518992301, 0.512370747875761, 3.278747477045559], [0.520517064141635, -0.7126511339062208, 0.47030877865456744, 1.331353125212527], [0.24298963486088318, 0.6516672217539349, 0.7185303538763569, 2.5], [0.0, 0.0, 0.0, 1.0]]}, {'file_path': 'images/41.png', 'transform_matrix': [[-0.7592380818444807, -0.5095288873759499, 0.4048923906503309, 1.2129253986199666], [0.6443729949942119, -0.5012298980972936, 0.5775396372332953, 2.3207886844021703], [-0.09132895706895573, 0.6993918087758844, 0.7088794815890029, 2.5], [0.0, 0.0, 0.0, 1.0]]}, {'file_path': 'images/42.png', 'transform_matrix': [[0.2879659712068032, 0.6887784177856806, -0.6653269050771786, -2.9434986670394023], [-0.9563372667849931, 0.17060083578862648, -0.23730652537684505, -1.291170600233782], [-0.04994628700045397, 0.7046131179738825, 0.7078317048522139, 2.5], [0.0, 0.0, 0.0, 1.0]]}, {'file_path': 'images/43.png', 'transform_matrix': [[-0.9914556826015045, 0.07736273888421288, -0.10502683499714706, -0.6450166461848476], [-0.1289299887599604, -0.7034944316363543, 0.6989081789870536, 3.6018946283984254], [-0.019816342637866993, 0.70647759432906, 0.7074579289791604, 2.5], [0.0, 0.0, 0.0, 1.0]]}, {'file_path': 'images/44.png', 'transform_matrix': [[-0.8120228959166886, -0.23543980189232003, 0.5340289469607241, 3.569730443635097], [0.5030045873256519, -0.7463724672713159, 0.4357918370376841, 0.8758788395622938], [0.29598175895893575, 0.6224919596141252, 0.7244988326970173, 2.4999999999999996], [0.0, 0.0, 0.0, 1.0]]}, {'file_path': 'images/45.png', 'transform_matrix': [[-0.9045774843708336, 0.014997561522310639, -0.42604535899093976, -1.9811892116742003], [-0.26509316779017256, -0.8024536949324752, 0.5345967451081138, 0.8089968188959868], [-0.3338640249567265, 0.5965258926799428, 0.729857295779176, 2.5], [0.0, 0.0, 0.0, 1.0]]}, {'file_path': 'images/46.png', 'transform_matrix': [[-0.9655776816246413, 0.03816465755969451, 0.25729982444948174, 2.4681535168463222], [0.1433417543908593, -0.7473563992043926, 0.6487769678528942, 2.9674082577478216], [0.21705502112720962, 0.6633263687519108, 0.7161600703207842, 2.5], [0.0, 0.0, 0.0, 1.0]]}, {'file_path': 'images/47.png', 'transform_matrix': [[0.23137240372692494, -0.7890838816260947, 0.5690460777050662, 1.112667520010284], [0.9225600220083099, -0.007692356320117529, -0.3857769218684176, -1.9928624915411406], [0.3087876561419703, 0.6142372956863982, 0.7261974442272628, 2.5], [0.0, 0.0, 0.0, 1.0]]}, {'file_path': 'images/48.png', 'transform_matrix': [[0.4328971514251144, -0.5938092268695119, 0.678226111538515, 2.2346738106796797], [0.8785824478652133, 0.4462983084714029, -0.17003147402388305, 0.10516162502722952], [-0.2017249082071707, 0.6694836980391659, 0.7149116305310828, 2.5], [0.0, 0.0, 0.0, 1.0]]}, {'file_path': 'images/49.png', 'transform_matrix': [[-0.7620240123017809, -0.6152044618743274, 0.2020962017590007, -0.5347094277973349], [0.5710688857297824, -0.49132049239355613, 0.6576355385055603, 3.2796156044003935], [-0.30528631221664704, 0.6165449244329831, 0.7257221394783867, 2.5], [0.0, 0.0, 0.0, 1.0]]}, {'file_path': 'images/50.png', 'transform_matrix': [[-0.9515685721267253, -0.022324874668636585, -0.3066249378503568, -1.7163902486030311], [-0.18318503623950202, -0.759805497461357, 0.6238099458372176, 1.6015785805332583], [-0.2469017922953128, 0.6497670397908236, 0.7189174493381231, 2.5], [0.0, 0.0, 0.0, 1.0]]}, {'file_path': 'images/51.png', 'transform_matrix': [[-0.3760059506921654, 0.6267545672009234, -0.6824941300383938, -3.509856433170063], [-0.9154420339259031, -0.36530483037151357, 0.16887351310624515, 0.13010400633480929], [-0.14347615678462508, 0.6882812603870767, 0.7111142658070437, 2.5], [0.0, 0.0, 0.0, 1.0]]}, {'file_path': 'images/52.png', 'transform_matrix': [[0.5927517366689324, -0.7136961000421297, 0.3732067194740993, 0.27895970296524397], [0.7495932340944371, 0.31941348742331244, -0.579728391103903, -2.1241349436835284], [0.2945426320175181, 0.6233882424594899, 0.7243146671768155, 2.4999999999999996], [0.0, 0.0, 0.0, 1.0]]}, {'file_path': 'images/53.png', 'transform_matrix': [[0.7094114383979284, -0.6299194907385112, 0.31612789541246955, 0.29939880908437805], [0.6576598073183865, 0.43036668343803997, -0.6182783318413196, -3.011705618992187], [0.2534146580372282, 0.646518331506754, 0.7195797788415111, 2.5000000000000004], [0.0, 0.0, 0.0, 1.0]]}, {'file_path': 'images/54.png', 'transform_matrix': [[-0.974477767266934, -0.16720614700968467, -0.14978379586800164, -2.0638596634621247], [0.020896585439076024, -0.7319047511912856, 0.6810864613987052, 3.4217631298230247], [-0.22350931483819386, 0.6605736443318022, 0.7167189453298712, 2.5000000000000004], [0.0, 0.0, 0.0, 1.0]]}, {'file_path': 'images/55.png', 'transform_matrix': [[-0.5718442576069477, -0.698490674228802, 0.43023821663975037, 0.73181028146442], [0.7812133822439717, -0.30357926633880017, 0.5454771126748859, 2.373218714394505], [-0.25039927405025203, 0.6480358069309053, 0.7192703222645275, 2.5], [0.0, 0.0, 0.0, 1.0]]}, {'file_path': 'images/56.png', 'transform_matrix': [[0.9719795131319043, -0.025299521274042655, -0.23370015035333208, -1.9267562853864801], [-0.13947952609809594, 0.7381855320445698, -0.6600208951840278, -2.7337457627620414], [0.18921228250649147, 0.6741231745781918, 0.7139724487998849, 2.5], [0.0, 0.0, 0.0, 1.0]]}, {'file_path': 'images/57.png', 'transform_matrix': [[0.7268122767527505, -0.32883177071855, 0.6030037984354542, 2.0437886304455937], [0.598344707037667, 0.7342072998169955, -0.32081654018370775, 0.05607843640830364], [-0.3372351196442791, 0.5939775311083232, 0.730385628703748, 2.4999999999999996], [0.0, 0.0, 0.0, 1.0]]}, {'file_path': 'images/58.png', 'transform_matrix': [[-0.7536677923020555, -0.594178258718866, 0.28095739127555014, 0.17859386775375763], [0.6098669106086078, -0.47283843887436355, 0.6359922657293621, 3.1968585165837355], [-0.24504532272879379, 0.650673503063304, 0.7187327613376686, 2.5000000000000004], [0.0, 0.0, 0.0, 1.0]]}, {'file_path': 'images/59.png', 'transform_matrix': [[-0.5011009230916734, 0.5560242430129958, -0.663125105887643, -3.1563953404269482], [-0.840779985128884, -0.49424721367761587, 0.22092692995329175, 0.07597043100317012], [-0.20490700691617733, 0.6682490052022061, 0.7151617897811064, 2.5], [0.0, 0.0, 0.0, 1.0]]}, {'file_path': 'images/60.png', 'transform_matrix': [[-0.3082923643324522, 0.6576476754825696, -0.6873538775817589, -2.005876529751894], [-0.89979035828853, -0.43610780545549716, -0.01368550882464227, -1.0588054551871433], [-0.30876063418982935, 0.6142552539076596, 0.7261937439977924, 2.5], [0.0, 0.0, 0.0, 1.0]]}, {'file_path': 'images/61.png', 'transform_matrix': [[0.8441931608479856, -0.5343465336554286, 0.04256394187472664, -1.0889722003732931], [0.41562779250816884, 0.602349241987809, -0.681490226468068, -2.218363351253795], [0.3385135821090103, 0.5930001455709265, 0.7305883807456743, 2.5], [0.0, 0.0, 0.0, 1.0]]}, {'file_path': 'images/62.png', 'transform_matrix': [[-0.5065100782565809, -0.5455934870146187, 0.6676640529126466, 2.65462679741938], [0.8253700283210892, -0.5307982518400961, 0.19239940798438662, -0.2304554776254288], [0.24942304820075653, 0.6485221374561758, 0.719171175907041, 2.5], [0.0, 0.0, 0.0, 1.0]]}, {'file_path': 'images/63.png', 'transform_matrix': [[0.8804808031023887, -0.31260244671828835, 0.3564172634341834, 2.0203899729807375], [0.4727206414792985, 0.6358383419630882, -0.6101186753485189, -3.086926980340473], [-0.03589917112654431, 0.7056835786635329, 0.7076170831156188, 2.5], [0.0, 0.0, 0.0, 1.0]]}, {'file_path': 'images/64.png', 'transform_matrix': [[-0.29139318807953885, 0.7855787228395373, -0.5458535336174386, -1.6576649158115682], [-0.9068698386338183, -0.045263224309766495, 0.41897295414066565, 3.3638160800097245], [0.3044291472857273, 0.617103970775497, 0.7256070448500342, 2.5], [0.0, 0.0, 0.0, 1.0]]}, {'file_path': 'images/65.png', 'transform_matrix': [[0.9952484330814204, -0.09719062207458565, -0.005877025585493777, -0.27683717611227093], [0.06471680392537202, 0.7053934462125309, -0.7058553827308357, -2.4709948081293267], [0.07274813907353532, 0.7021211213324697, 0.7083315884811104, 2.5000000000000004], [0.0, 0.0, 0.0, 1.0]]}, {'file_path': 'images/66.png', 'transform_matrix': [[-0.9931033467959877, -0.017392462424615684, 0.11594500779859658, 0.5477482342839067], [0.09376096457264135, -0.7115476715848097, 0.6963539276723035, 2.0194402091402406], [0.0703890908096999, 0.7024225318944747, 0.7082711081089922, 2.5], [0.0, 0.0, 0.0, 1.0]]}, {'file_path': 'images/67.png', 'transform_matrix': [[-0.6563388782057046, 0.45148809164733317, -0.6044648708207337, -2.057200701804235], [-0.7285684813184568, -0.5873970425311164, 0.35235306505693303, 0.5118629755854427], [-0.19597766450540893, 0.6716570683960283, 0.7144715092210873, 2.5], [0.0, 0.0, 0.0, 1.0]]}, {'file_path': 'images/68.png', 'transform_matrix': [[0.3087713066907607, 0.7499787920719104, -0.5849718724920354, -2.2318620709456924], [-0.9219619052018868, 0.08484288275765929, -0.37787290270920065, -2.905967608606024], [-0.23376596313618261, 0.6559980919848227, 0.7176489237721217, 2.4999999999999996], [0.0, 0.0, 0.0, 1.0]]}, {'file_path': 'images/69.png', 'transform_matrix': [[-0.6501518861878883, -0.676406130718358, 0.34608853088906355, 0.3242201472144225], [0.7079859294578331, -0.3739840677802453, 0.5990758221930415, 2.8353306326834473], [-0.27578696230253313, 0.6345160859845557, 0.7220324702191588, 2.4999999999999996], [0.0, 0.0, 0.0, 1.0]]}, {'file_path': 'images/70.png', 'transform_matrix': [[-0.5962546156733288, -0.5450693436642344, 0.5893893822301958, 3.469453507257102], [0.8008248349981638, -0.45525061295295083, 0.3891355330166168, 1.9127911163274622], [0.05621402795045828, 0.704021512457825, 0.7079503464637769, 2.5], [0.0, 0.0, 0.0, 1.0]]}, {'file_path': 'images/71.png', 'transform_matrix': [[-0.9386028438147377, 0.33480879637826305, 0.08323323525266839, 1.8992661876180976], [-0.19000921105486787, -0.7030367927649099, 0.6852997648716478, 3.089806056491309], [0.2879604161984662, 0.6274092268101958, 0.7234890882496005, 2.4999999999999996], [0.0, 0.0, 0.0, 1.0]]}, {'file_path': 'images/72.png', 'transform_matrix': [[-0.9578749162864711, -0.27968635183349894, 0.06520114529097588, -0.416705528688159], [0.24374554466116702, -0.6716964734025248, 0.6995798432462468, 3.318015056515264], [-0.15186755482003952, 0.6860024724566817, 0.7115735053923119, 2.5000000000000004], [0.0, 0.0, 0.0, 1.0]]}, {'file_path': 'images/73.png', 'transform_matrix': [[0.7830525671177124, 0.3848981497898589, -0.488551012094647, -2.4193905445993242], [-0.613969978878823, 0.6038413680670804, -0.5083467982061207, -1.8927769608065474], [0.0993455694326538, 0.6980179198983505, 0.7091554422937765, 2.5], [0.0, 0.0, 0.0, 1.0]]}, {'file_path': 'images/74.png', 'transform_matrix': [[0.15028170719692066, -0.716836810892496, 0.68085269701416, 1.7342596638455878], [0.9454139377037938, 0.30561806125653335, 0.11309326694903309, 1.1785675011866843], [-0.28915029807590803, 0.626691780050827, 0.723636316072749, 2.5000000000000004], [0.0, 0.0, 0.0, 1.0]]}, {'file_path': 'images/75.png', 'transform_matrix': [[-0.9945477254782887, -0.012427827839344216, 0.10353922368435103, 0.47796445551825767], [0.08159704740468035, -0.7110015866428522, 0.69844016611746, 1.9593249239247095], [0.06493645817875199, 0.7030805735380137, 0.7081390848644471, 2.4999999999999996], [0.0, 0.0, 0.0, 1.0]]}, {'file_path': 'images/76.png', 'transform_matrix': [[-0.2710661943006724, -0.6634030244300222, 0.6974378434559235, 3.873010135112766], [0.9401099017794837, -0.3380407393418939, 0.043838694339078534, -0.9374291460476493], [0.20667968183524837, 0.6675514105462476, 0.7153031688691134, 2.4999999999999996], [0.0, 0.0, 0.0, 1.0]]}, {'file_path': 'images/77.png', 'transform_matrix': [[-0.9697884637457864, 0.23682827510710114, -0.05850387760980605, 0.31340453373720567], [-0.20872496909836127, -0.6814152200306761, 0.7015035175859305, 3.2159021419299636], [0.12627043541730612, 0.6925212386781657, 0.7102605938098941, 2.5000000000000004], [0.0, 0.0, 0.0, 1.0]]}, {'file_path': 'images/78.png', 'transform_matrix': [[-0.8412317529240116, 0.37005282112497495, -0.3941954432129333, -1.3015918430859765], [-0.5402762870576167, -0.6033223352688302, 0.5866035231815439, 1.8191437691431644], [-0.02075262671637853, 0.7064439605115268, 0.7074646698890046, 2.499999999999999], [0.0, 0.0, 0.0, 1.0]]}, {'file_path': 'images/79.png', 'transform_matrix': [[0.9470754214234686, 0.2447145193313871, 0.20775694973686665, 2.0159081353703208], [-0.05151003660055549, 0.7546591242932632, -0.6540919830194634, -2.007684155563921], [-0.3168514829773852, 0.608772872382905, 0.7273243620185554, 2.5], [0.0, 0.0, 0.0, 1.0]]}, {'file_path': 'images/80.png', 'transform_matrix': [[0.4615027829705272, 0.5722884334732613, -0.6778651268675642, -3.1028148272447797], [-0.8474551972035094, 0.5103727373202348, -0.14607997033478506, 0.5510637146268818], [0.26236400294861234, 0.6418766376126889, 0.7205272458719444, 2.5], [0.0, 0.0, 0.0, 1.0]]}, {'file_path': 'images/81.png', 'transform_matrix': [[-0.16151785211021974, 0.7138429763137344, -0.6814251159278256, -2.1136539110420944], [-0.9427348214196672, -0.3157924979716292, -0.10735993064298661, -1.4246169777201476], [-0.2918270719664807, 0.6250626395749372, 0.7239707567817104, 2.5], [0.0, 0.0, 0.0, 1.0]]}, {'file_path': 'images/82.png', 'transform_matrix': [[0.6123057577042202, -0.5950050815463397, 0.5206252126206476, 1.5827021838405395], [0.7866607038688953, 0.39267247638956737, -0.4764171106022318, -1.813743159570513], [0.07903541023335774, 0.7012683361026066, 0.7085027344401195, 2.5], [0.0, 0.0, 0.0, 1.0]]}, {'file_path': 'images/83.png', 'transform_matrix': [[0.47558515537452906, 0.7368938415980799, -0.4804229659396069, -0.7542853138735588], [-0.838930714441345, 0.21566731866918795, -0.4996827633859077, -1.9213858831382729], [-0.26460161820049233, 0.6406832867126054, 0.7207710522577985, 2.4999999999999996], [0.0, 0.0, 0.0, 1.0]]}, {'file_path': 'images/84.png', 'transform_matrix': [[-0.7393440700111115, -0.6097243184257455, 0.2856686921236986, 0.19031881674419587], [0.6233383421163979, -0.45937733666765385, 0.6327888856512203, 3.913827287831836], [-0.2545970490539606, 0.6459169591181151, 0.7197024555582827, 2.4999999999999996], [0.0, 0.0, 0.0, 1.0]]}, {'file_path': 'images/85.png', 'transform_matrix': [[0.6010894272941913, -0.5910526843479722, 0.5379109821524354, 2.802475158374576], [0.7970407681245139, 0.3941230785718616, -0.4575948130000203, -2.8157844875290436], [0.058459510283838834, 0.7037923864763634, 0.7079963011169473, 2.5], [0.0, 0.0, 0.0, 1.0]]}, {'file_path': 'images/86.png', 'transform_matrix': [[-0.4789445522519712, 0.6943063998469419, -0.5371691902927203, -1.3091176624420824], [-0.858945411638514, -0.2443595007734695, 0.4500013491167374, 1.8652895865541879], [0.1811764214606909, 0.6769247059410068, 0.713405948106251, 2.4999999999999996], [0.0, 0.0, 0.0, 1.0]]}, {'file_path': 'images/87.png', 'transform_matrix': [[-0.9975666503952004, 0.01678101351068268, 0.06766960621175835, 0.4549965980381713], [0.03573393962298962, -0.710354193048129, 0.7029367012597666, 2.4884472556695316], [0.059865378795433126, 0.7036443121382394, 0.7080260012296042, 2.5], [0.0, 0.0, 0.0, 1.0]]}, {'file_path': 'images/88.png', 'transform_matrix': [[-0.5266605610744626, -0.5403166003858845, 0.6562671900652759, 3.5427904094451494], [0.8246727022997583, -0.512066618617598, 0.24021388839772392, 0.18182581285994087], [0.20626096938186578, 0.6677168183032235, 0.7152696436062926, 2.5], [0.0, 0.0, 0.0, 1.0]]}, {'file_path': 'images/89.png', 'transform_matrix': [[0.8799436610064769, 0.4570779048156757, -0.12953355697976432, 0.3523576383041174], [-0.4129772142894801, 0.6011594028790301, -0.6841470549580905, -2.2274427365667537], [-0.23483818669930703, 0.6555052717251324, 0.7177491656618914, 2.4999999999999996], [0.0, 0.0, 0.0, 1.0]]}, {'file_path': 'images/90.png', 'transform_matrix': [[-0.5333862911470324, 0.567198943394688, -0.627522448226645, -2.9111578365525386], [-0.8410730301705234, -0.4345433361529202, 0.3221307916434938, 1.050655965325554], [-0.08997345350817046, 0.6996123552489903, 0.7088351924437536, 2.4999999999999996], [0.0, 0.0, 0.0, 1.0]]}, {'file_path': 'images/91.png', 'transform_matrix': [[-0.8681562812787731, -0.42785396143279086, 0.2514868962043167, 0.6255502183083415], [0.4777254232796974, -0.583139560172284, 0.657059109452346, 3.57503601272019], [-0.13447338483300988, 0.6905716769809953, 0.7106529868530844, 2.500000000000001], [0.0, 0.0, 0.0, 1.0]]}, {'file_path': 'images/92.png', 'transform_matrix': [[-0.9169489633636225, -0.3945020471262919, -0.0597723464450172, -1.919856998612768], [0.24997957256777403, -0.6847526858479824, 0.684561153238195, 3.0845282009043795], [-0.3109900511032647, 0.6127657742050705, 0.726500718566506, 2.5], [0.0, 0.0, 0.0, 1.0]]}, {'file_path': 'images/93.png', 'transform_matrix': [[-0.3122884108948998, 0.6564332852324984, -0.686710485182517, -2.2768170082257737], [-0.9460089767709935, -0.28097093069173895, 0.16162410703517038, 0.24623673072313687], [-0.08685024058364156, 0.7001076189737458, 0.7087357459346015, 2.5], [0.0, 0.0, 0.0, 1.0]]}, {'file_path': 'images/94.png', 'transform_matrix': [[0.7636851952428628, -0.38909012305245294, 0.5151638561757779, 2.9170933528922114], [0.6331147395716196, 0.6074794707791484, -0.4797232734807079, -1.8672980087688154], [-0.1262958792044727, 0.6925153924100986, 0.7102617701742482, 2.5], [0.0, 0.0, 0.0, 1.0]]}, {'file_path': 'images/95.png', 'transform_matrix': [[-0.9967391185327208, -0.0781825461620837, 0.01996544670746638, -0.08729925774764628], [0.06941105316912863, -0.7045597697064446, 0.7062419108274121, 2.9079474044168765], [-0.04114894026056355, 0.7053247623519364, 0.7076890166793725, 2.5000000000000004], [0.0, 0.0, 0.0, 1.0]]}, {'file_path': 'images/96.png', 'transform_matrix': [[-0.0879537905323335, -0.7498257045789901, 0.6557633288646256, 2.777025283218431], [0.9679558309110823, 0.09111287331239495, 0.23400844797142614, 2.2797064359707666], [-0.2352140304833676, 0.6553318678878512, 0.7177844403401267, 2.4999999999999996], [0.0, 0.0, 0.0, 1.0]]}, {'file_path': 'images/97.png', 'transform_matrix': [[0.18101185838714925, -0.7030792413709356, 0.6876876380134374, 2.972622953275334], [0.9445115570711363, 0.31915869293893806, 0.07768942837070114, 1.700925785845975], [-0.27410331206004845, 0.6354662139522277, 0.7218379771409463, 2.5], [0.0, 0.0, 0.0, 1.0]]}, {'file_path': 'images/98.png', 'transform_matrix': [[0.9044740299217113, 0.011638258427516864, -0.4263698865280636, -2.5986650467549213], [-0.26195662738213604, 0.8040452593659654, -0.5337508278791654, -1.0425952231220421], [0.3366087559285353, 0.594454179758114, 0.7302867749044563, 2.5], [0.0, 0.0, 0.0, 1.0]]}, {'file_path': 'images/99.png', 'transform_matrix': [[-0.9314461548677527, 0.33931391118129123, -0.13143108559596173, 0.06604537773855357], [-0.3316462814375759, -0.6430018159379081, 0.6903328245920084, 2.484524678148843], [0.14972910402024867, 0.6865964858484255, 0.7114537659116621, 2.4999999999999996], [0.0, 0.0, 0.0, 1.0]]}, {'file_path': 'images/100.png', 'transform_matrix': [[-0.29381413445121296, 0.7153068289124275, -0.6340421081505012, -2.726926079654624], [-0.9452385963450383, -0.11880617128034589, 0.30398863407266846, 2.0755452117234836], [0.14211703056406066, 0.6886372297348963, 0.7110425552994007, 2.5], [0.0, 0.0, 0.0, 1.0]]}, {'file_path': 'images/101.png', 'transform_matrix': [[0.11889602693298004, -0.6994196359949943, 0.7047523732235185, 3.826439454670827], [0.991544528994751, 0.12080437516791152, -0.04738934438106974, 0.024996770745584363], [-0.05199213209832071, 0.7044277647317146, 0.7078688737859229, 2.5], [0.0, 0.0, 0.0, 1.0]]}, {'file_path': 'images/102.png', 'transform_matrix': [[-0.9865832975371144, -0.14070808578232707, 0.0827927026752172, 0.20789615090447852], [0.15797308417798056, -0.6947834595582697, 0.7016555059283286, 3.513702217639629], [-0.04120560272693875, 0.7053206213628774, 0.7076898468850562, 2.5], [0.0, 0.0, 0.0, 1.0]]}, {'file_path': 'images/103.png', 'transform_matrix': [[0.03456175603315331, 0.7381498452220417, -0.6737509117014838, -3.212495795764325], [-0.9757586897841405, -0.12085056867718105, -0.18245580111670667, -2.101190469832986], [-0.21610290218005423, 0.6637242997277392, 0.7160793179671371, 2.5], [0.0, 0.0, 0.0, 1.0]]}, {'file_path': 'images/104.png', 'transform_matrix': [[-0.9696879033665077, -0.13625346030830254, 0.20283087688682955, 1.1159500633714872], [0.23937586098874875, -0.6963063745306279, 0.6766510400227784, 2.958427387414792], [0.04903638690362117, 0.7046931441003427, 0.7078156577933352, 2.5], [0.0, 0.0, 0.0, 1.0]]}, {'file_path': 'images/105.png', 'transform_matrix': [[0.6376587695973456, -0.5884873125322154, 0.4970653644584484, 1.5766412406359886], [0.7647278133310117, 0.4060015406744253, -0.5003539951753782, -2.072397315917198], [0.09264267414949064, 0.6991748221715395, 0.7089230585668855, 2.5000000000000004], [0.0, 0.0, 0.0, 1.0]]}, {'file_path': 'images/106.png', 'transform_matrix': [[0.07110526028903999, 0.7421071645634582, -0.6664990609616883, -2.067293475463632], [-0.9524629354183495, 0.2489620173927751, 0.175591202940184, 1.7479059976981004], [0.2962404405436388, 0.6223301938676156, 0.7245320774038972, 2.5], [0.0, 0.0, 0.0, 1.0]]}, {'file_path': 'images/107.png', 'transform_matrix': [[-0.8740810651077829, -0.1330613832947379, 0.46720119851701386, 2.5272233010253413], [0.3883670487845742, -0.7691414831901916, 0.5075356285566088, 1.038777404775423], [0.2918104299685046, 0.6250728334455775, 0.7239686635828332, 2.5], [0.0, 0.0, 0.0, 1.0]]}, {'file_path': 'images/108.png', 'transform_matrix': [[-0.6099968347351875, 0.64075748216534, -0.4661906376818244, -1.5693897357297644], [-0.7739118816544235, -0.35539000249018593, 0.5241739649812217, 3.000857280759502], [0.1701888981313458, 0.6805349331071546, 0.712676605322273, 2.4999999999999996], [0.0, 0.0, 0.0, 1.0]]}, {'file_path': 'images/109.png', 'transform_matrix': [[0.36656726634057674, -0.6261605835445618, 0.6881506832538427, 3.625611803264037], [0.8829272233403165, 0.4673406696159256, -0.04508011543349474, 1.4229466906636377], [-0.2933734097224143, 0.6241118666858307, 0.7241660171050367, 2.5], [0.0, 0.0, 0.0, 1.0]]}, {'file_path': 'images/110.png', 'transform_matrix': [[-0.7851760700955311, -0.3724826938852302, 0.49472738119628956, 1.6900922804798415], [0.6079501032704896, -0.6157031818724688, 0.5013045618838095, 1.216409612201524], [0.11787794909455283, 0.6943819083099149, 0.7098862969019352, 2.4999999999999996], [0.0, 0.0, 0.0, 1.0]]}, {'file_path': 'images/111.png', 'transform_matrix': [[-0.9986092626382634, 0.026753840097831903, -0.04542876415976241, -0.22143351659829852], [-0.051029322327635254, -0.7070374767577781, 0.7053325561200027, 2.6596285617385655], [-0.013249484361512994, 0.706669822831012, 0.7074194036525573, 2.4999999999999996], [0.0, 0.0, 0.0, 1.0]]}, {'file_path': 'images/112.png', 'transform_matrix': [[0.3780708377553946, 0.687433043836633, -0.6200792303249936, -1.8655051002885474], [-0.9198959817698431, 0.2035774426074847, -0.33518294644133273, -1.400302007318762], [-0.10418168919071678, 0.6971312897172945, 0.7093335890358433, 2.5], [0.0, 0.0, 0.0, 1.0]]}, {'file_path': 'images/113.png', 'transform_matrix': [[0.7261977877087054, 0.4849898753910099, -0.487