{
 "cells": [
  {
   "cell_type": "code",
   "execution_count": 19,
   "metadata": {},
   "outputs": [],
   "source": [
    "import os\n",
    "import json\n",
    "import math\n",
    "import numpy as np\n",
    "import copy\n",
    "from scipy.spatial.transform import Rotation"
   ]
  },
  {
   "cell_type": "code",
   "execution_count": 20,
   "metadata": {},
   "outputs": [],
   "source": [
    "SAVE_PATH = os.path.join(os.getcwd(), '../data/jackal_training_data')\n",
    "if not os.path.exists(SAVE_PATH):\n",
    "    os.makedirs(SAVE_PATH)\n",
    "if not os.path.exists(os.path.join(SAVE_PATH, 'images')):\n",
    "    os.makedirs(os.path.join(SAVE_PATH, 'images'))"
   ]
  },
  {
   "cell_type": "code",
   "execution_count": 21,
   "metadata": {},
   "outputs": [],
   "source": [
    "transforms = {}\n",
    "transforms[\"focal_length\"] = 4.74 #Focal Length in mm\n",
    "transforms[\"fov_x\"] = 1.1519 #FOV in radians\n",
    "transforms[\"w\"] = 640 # image width\n",
    "transforms[\"h\"] = 420 # image height\n",
    "\n",
    "\n",
    "transforms[\"pixel_width\"] = 2*math.tan(transforms[\"fov_x\"]) * transforms[\"focal_length\"] / transforms[\"w\"] #Sensor width in mm\n",
    "transforms[\"pixel_height\"] = transforms[\"pixel_width\"] #Sensor height in mm\n",
    "transforms[\"fl_x\"] = transforms[\"focal_length\"]/transforms[\"pixel_width\"] # focal length/ pixel_width\n",
    "transforms[\"fl_y\"] = transforms[\"focal_length\"]/transforms[\"pixel_height\"]# focal length/ pixel_height\n",
    "transforms[\"cx\"] = transforms[\"w\"]//2 # optical center in x\n",
    "transforms[\"cy\"] = transforms[\"h\"]//2 # optical center in y\n",
    "transforms[\"camera_model\"] = \"OPENCV\" # camera model\n",
    "\n",
    "ground_truth = {}\n",
    "ground_truth = transforms.copy()"
   ]
  },
  {
   "cell_type": "code",
   "execution_count": 22,
   "metadata": {},
   "outputs": [
    {
     "name": "stdout",
     "output_type": "stream",
     "text": [
      "[[ 1.          0.          0.          0.        ]\n",
      " [ 0.          0.70738827 -0.70682518 -5.        ]\n",
      " [ 0.          0.70682518  0.70738827  2.        ]\n",
      " [ 0.          0.          0.          1.        ]]\n",
      "[[ 9.99998586e-01  1.18940763e-03 -1.18846085e-03 -8.83563676e-03]\n",
      " [-1.68140706e-03  7.07387269e-01 -7.06824182e-01 -5.00356757e+00]\n",
      " [ 0.00000000e+00  7.06825181e-01  7.07388269e-01  2.00000000e+00]\n",
      " [ 0.00000000e+00  0.00000000e+00  0.00000000e+00  1.00000000e+00]]\n",
      "[[ 0.9781476  -0.14707429  0.14695722  1.03955845]\n",
      " [ 0.20791169  0.69193014 -0.69137936 -4.890738  ]\n",
      " [ 0.          0.70682518  0.70738827  2.        ]\n",
      " [ 0.          0.          0.          1.        ]]\n",
      "[[ 0.97819343 -0.1469217   0.14680475  1.02609091]\n",
      " [ 0.20769598  0.69196256 -0.69141175 -4.87592434]\n",
      " [ 0.          0.70682518  0.70738827  2.        ]\n",
      " [ 0.          0.          0.          1.        ]]\n",
      "[[ 0.91354546 -0.28772073  0.2874917   2.03368322]\n",
      " [ 0.40673664  0.64623134 -0.64571693 -4.56772729]\n",
      " [ 0.          0.70682518  0.70738827  2.        ]\n",
      " [ 0.          0.          0.          1.        ]]\n",
      "[[ 0.91183866 -0.29041736  0.29018618  2.04095054]\n",
      " [ 0.41054873  0.64502397 -0.64451052 -4.57182772]\n",
      " [ 0.          0.70682518  0.70738827  2.        ]\n",
      " [ 0.          0.          0.          1.        ]]\n",
      "[[ 0.80901699 -0.41579239  0.41546142  2.93892626]\n",
      " [ 0.58778525  0.57228913 -0.57183358 -4.04508497]\n",
      " [ 0.          0.70682518  0.70738827  2.        ]\n",
      " [ 0.          0.          0.          1.        ]]\n",
      "[[ 0.81088057 -0.41397187  0.41364234  2.90776705]\n",
      " [ 0.58521167  0.57360741 -0.57315081 -4.05493388]\n",
      " [ 0.          0.70682518  0.70738827  2.        ]\n",
      " [ 0.          0.          0.          1.        ]]\n",
      "[[ 0.66913061 -0.52569193  0.52527348  3.71572413]\n",
      " [ 0.74314483  0.47333514 -0.47295836 -3.34565303]\n",
      " [ 0.          0.70682518  0.70738827  2.        ]\n",
      " [ 0.          0.          0.          1.        ]]\n",
      "[[ 0.67796093 -0.51999966  0.51958573  3.68001692]\n",
      " [ 0.73509794  0.47958161 -0.47919986 -3.37385668]\n",
      " [ 0.          0.70682518  0.70738827  2.        ]\n",
      " [ 0.          0.          0.          1.        ]]\n",
      "[[ 0.5        -0.61261621  0.61212856  4.33012702]\n",
      " [ 0.8660254   0.35369413 -0.35341259 -2.5       ]\n",
      " [ 0.          0.70682518  0.70738827  2.        ]\n",
      " [ 0.          0.          0.          1.        ]]\n",
      "[[ 0.4933542  -0.61530648  0.61481669  4.34470297]\n",
      " [ 0.86982851  0.34899298 -0.34871517 -2.45872676]\n",
      " [ 0.          0.70682518  0.70738827  2.        ]\n",
      " [ 0.          0.          0.          1.        ]]\n",
      "[[ 0.30901699 -0.67276622  0.67223069  4.75528258]\n",
      " [ 0.95105652  0.218595   -0.21842099 -1.54508497]\n",
      " [ 0.          0.70682518  0.70738827  2.        ]\n",
      " [ 0.          0.          0.          1.        ]]\n",
      "[[ 0.30638277 -0.67336883  0.67283283  4.76121523]\n",
      " [ 0.9519084   0.21673158 -0.21655906 -1.53671747]\n",
      " [ 0.          0.70682518  0.70738827  2.        ]\n",
      " [ 0.          0.          0.          1.        ]]\n",
      "[[ 0.10452846 -0.70351312  0.70295312  4.97260948]\n",
      " [ 0.9945219   0.07394221 -0.07388335 -0.52264232]\n",
      " [ 0.          0.70682518  0.70738827  2.        ]\n",
      " [ 0.          0.          0.          1.        ]]\n",
      "[[ 0.08947454 -0.70455101  0.70399018  4.98392414]\n",
      " [ 0.99598911  0.06329324 -0.06324285 -0.46849211]\n",
      " [ 0.          0.70682518  0.70738827  2.        ]\n",
      " [ 0.          0.          0.          1.        ]]\n",
      "[[-0.10452846 -0.70351312  0.70295312  4.97260948]\n",
      " [ 0.9945219  -0.07394221  0.07388335  0.52264232]\n",
      " [ 0.          0.70682518  0.70738827  2.        ]\n",
      " [ 0.          0.          0.          1.        ]]\n",
      "[[-0.10140636 -0.70374175  0.70318156  4.95391632]\n",
      " [ 0.99484509 -0.07173367  0.07167657  0.50555873]\n",
      " [ 0.          0.70682518  0.70738827  2.        ]\n",
      " [ 0.          0.          0.          1.        ]]\n",
      "[[-0.30901699 -0.67276622  0.67223069  4.75528258]\n",
      " [ 0.95105652 -0.218595    0.21842099  1.54508497]\n",
      " [ 0.          0.70682518  0.70738827  2.        ]\n",
      " [ 0.          0.          0.          1.        ]]\n",
      "[[-0.3121219  -0.67204861  0.67151365  4.74586441]\n",
      " [ 0.95004206 -0.22079137  0.22061562  1.55298569]\n",
      " [ 0.          0.70682518  0.70738827  2.        ]\n",
      " [ 0.          0.          0.          1.        ]]\n",
      "[[-0.5        -0.61261621  0.61212856  4.33012702]\n",
      " [ 0.8660254  -0.35369413  0.35341259  2.5       ]\n",
      " [ 0.          0.70682518  0.70738827  2.        ]\n",
      " [ 0.          0.          0.          1.        ]]\n",
      "[[-0.50677412 -0.60982449  0.60933906  4.31182947]\n",
      " [ 0.86207888 -0.35848607  0.35820071  2.53262359]\n",
      " [ 0.          0.70682518  0.70738827  2.        ]\n",
      " [ 0.          0.          0.          1.        ]]\n",
      "[[-0.66913061 -0.52569193  0.52527348  3.71572413]\n",
      " [ 0.74314483 -0.47333514  0.47295836  3.34565303]\n",
      " [ 0.          0.70682518  0.70738827  2.        ]\n",
      " [ 0.          0.          0.          1.        ]]\n",
      "[[-0.67165679 -0.5240774   0.52366023  3.6856866 ]\n",
      " [ 0.74086244 -0.47512213  0.47474393  3.36486751]\n",
      " [ 0.          0.70682518  0.70738827  2.        ]\n",
      " [ 0.          0.          0.          1.        ]]\n",
      "[[-0.80901699 -0.41579239  0.41546142  2.93892626]\n",
      " [ 0.58778525 -0.57228913  0.57183358  4.04508497]\n",
      " [ 0.          0.70682518  0.70738827  2.        ]\n",
      " [ 0.          0.          0.          1.        ]]\n",
      "[[-0.8186817  -0.40621599  0.40589264  2.87486618]\n",
      " [ 0.57424757 -0.57912583  0.57866484  4.09835606]\n",
      " [ 0.          0.70682518  0.70738827  2.        ]\n",
      " [ 0.          0.          0.          1.        ]]\n",
      "[[-0.91354546 -0.28772073  0.2874917   2.03368322]\n",
      " [ 0.40673664 -0.64623134  0.64571693  4.56772729]\n",
      " [ 0.          0.70682518  0.70738827  2.        ]\n",
      " [ 0.          0.          0.          1.        ]]\n",
      "[[-0.91092773 -0.29184432  0.29161201  2.07036168]\n",
      " [ 0.41256596 -0.64437959  0.64386666  4.55358437]\n",
      " [ 0.          0.70682518  0.70738827  2.        ]\n",
      " [ 0.          0.          0.          1.        ]]\n",
      "[[-0.9781476  -0.14707429  0.14695722  1.03955845]\n",
      " [ 0.20791169 -0.69193014  0.69137936  4.890738  ]\n",
      " [ 0.          0.70682518  0.70738827  2.        ]\n",
      " [ 0.          0.          0.          1.        ]]\n",
      "[[-0.9767449  -0.15166742  0.15154669  1.05267882]\n",
      " [ 0.21440477 -0.69093788  0.69038789  4.8631678 ]\n",
      " [ 0.          0.70682518  0.70738827  2.        ]\n",
      " [ 0.          0.          0.          1.        ]]\n",
      "[[-1.00000000e+00 -4.00773575e-16  4.00454556e-16  2.83276945e-15]\n",
      " [ 5.66553890e-16 -7.07388269e-01  7.06825181e-01  5.00000000e+00]\n",
      " [ 0.00000000e+00  7.06825181e-01  7.07388269e-01  2.00000000e+00]\n",
      " [ 0.00000000e+00  0.00000000e+00  0.00000000e+00  1.00000000e+00]]\n",
      "[[-0.9998904   0.01047277 -0.01046443 -0.07552502]\n",
      " [-0.01480484 -0.70731074  0.70674771  5.01147426]\n",
      " [ 0.          0.70682518  0.70738827  2.        ]\n",
      " [ 0.          0.          0.          1.        ]]\n",
      "[[-0.9781476   0.14707429 -0.14695722 -1.03955845]\n",
      " [-0.20791169 -0.69193014  0.69137936  4.890738  ]\n",
      " [ 0.          0.70682518  0.70738827  2.        ]\n",
      " [ 0.          0.          0.          1.        ]]\n",
      "[[-0.9787852   0.14493613 -0.14482076 -1.03054733]\n",
      " [-0.20488908 -0.69238117  0.69183003  4.88825847]\n",
      " [ 0.          0.70682518  0.70738827  2.        ]\n",
      " [ 0.          0.          0.          1.        ]]\n",
      "[[-0.91354546  0.28772073 -0.2874917  -2.03368322]\n",
      " [-0.40673664 -0.64623134  0.64571693  4.56772729]\n",
      " [ 0.          0.70682518  0.70738827  2.        ]\n",
      " [ 0.          0.          0.          1.        ]]\n",
      "[[-0.90500069  0.30093012 -0.30069057 -2.13500999]\n",
      " [-0.4254101  -0.64018687  0.63967727  4.51581032]\n",
      " [ 0.          0.70682518  0.70738827  2.        ]\n",
      " [ 0.          0.          0.          1.        ]]\n",
      "[[-0.80901699  0.41579239 -0.41546142 -2.93892626]\n",
      " [-0.58778525 -0.57228913  0.57183358  4.04508497]\n",
      " [ 0.          0.70682518  0.70738827  2.        ]\n",
      " [ 0.          0.          0.          1.        ]]\n",
      "[[-0.81582542  0.40908141 -0.40875578 -2.9090241 ]\n",
      " [-0.57829827 -0.57710533  0.57664595  4.08666332]\n",
      " [ 0.          0.70682518  0.70738827  2.        ]\n",
      " [ 0.          0.          0.          1.        ]]\n",
      "[[-0.66913061  0.52569193 -0.52527348 -3.71572413]\n",
      " [-0.74314483 -0.47333514  0.47295836  3.34565303]\n",
      " [ 0.          0.70682518  0.70738827  2.        ]\n",
      " [ 0.          0.          0.          1.        ]]\n",
      "[[-0.67636186  0.52104062 -0.52062587 -3.68198595]\n",
      " [-0.7365695  -0.47845045  0.4780696   3.3805803 ]\n",
      " [ 0.          0.70682518  0.70738827  2.        ]\n",
      " [ 0.          0.          0.          1.        ]]\n",
      "[[-0.5         0.61261621 -0.61212856 -4.33012702]\n",
      " [-0.8660254  -0.35369413  0.35341259  2.5       ]\n",
      " [ 0.          0.70682518  0.70738827  2.        ]\n",
      " [ 0.          0.          0.          1.        ]]\n",
      "[[-0.50546062  0.61036974 -0.60988388 -4.31559903]\n",
      " [-0.86284968 -0.35755691  0.35727229  2.53095036]\n",
      " [ 0.          0.70682518  0.70738827  2.        ]\n",
      " [ 0.          0.          0.          1.        ]]\n",
      "[[-0.30901699  0.67276622 -0.67223069 -4.75528258]\n",
      " [-0.95105652 -0.218595    0.21842099  1.54508497]\n",
      " [ 0.          0.70682518  0.70738827  2.        ]\n",
      " [ 0.          0.          0.          1.        ]]\n",
      "[[-0.31858961  0.67052821 -0.66999446 -4.74864245]\n",
      " [-0.94789275 -0.22536655  0.22518716  1.59639305]\n",
      " [ 0.          0.70682518  0.70738827  2.        ]\n",
      " [ 0.          0.          0.          1.        ]]\n",
      "[[-0.10452846  0.70351312 -0.70295312 -4.97260948]\n",
      " [-0.9945219  -0.07394221  0.07388335  0.52264232]\n",
      " [ 0.          0.70682518  0.70738827  2.        ]\n",
      " [ 0.          0.          0.          1.        ]]\n",
      "[[-0.12334183  0.70198682 -0.70142804 -4.95544655]\n",
      " [-0.99236424 -0.08725056  0.08718111  0.61094862]\n",
      " [ 0.          0.70682518  0.70738827  2.        ]\n",
      " [ 0.          0.          0.          1.        ]]\n",
      "[[ 0.10452846  0.70351312 -0.70295312 -4.97260948]\n",
      " [-0.9945219   0.07394221 -0.07388335 -0.52264232]\n",
      " [ 0.          0.70682518  0.70738827  2.        ]\n",
      " [ 0.          0.          0.          1.        ]]\n",
      "[[ 0.10973327  0.7031164  -0.70255671 -4.96205346]\n",
      " [-0.99396107  0.07762403 -0.07756224 -0.5544984 ]\n",
      " [ 0.          0.70682518  0.70738827  2.        ]\n",
      " [ 0.          0.          0.          1.        ]]\n",
      "[[ 0.30901699  0.67276622 -0.67223069 -4.75528258]\n",
      " [-0.95105652  0.218595   -0.21842099 -1.54508497]\n",
      " [ 0.          0.70682518  0.70738827  2.        ]\n",
      " [ 0.          0.          0.          1.        ]]\n",
      "[[ 0.30069163  0.67465134 -0.67411431 -4.77208921]\n",
      " [-0.95372142  0.21270573 -0.21253642 -1.49752825]\n",
      " [ 0.          0.70682518  0.70738827  2.        ]\n",
      " [ 0.          0.          0.          1.        ]]\n",
      "[[ 0.5         0.61261621 -0.61212856 -4.33012702]\n",
      " [-0.8660254   0.35369413 -0.35341259 -2.5       ]\n",
      " [ 0.          0.70682518  0.70738827  2.        ]\n",
      " [ 0.          0.          0.          1.        ]]\n",
      "[[ 0.49456569  0.61481962 -0.61433022 -4.33934372]\n",
      " [-0.86914025  0.34984997 -0.34957149 -2.4610993 ]\n",
      " [ 0.          0.70682518  0.70738827  2.        ]\n",
      " [ 0.          0.          0.          1.        ]]\n",
      "[[ 0.66913061  0.52569193 -0.52527348 -3.71572413]\n",
      " [-0.74314483  0.47333514 -0.47295836 -3.34565303]\n",
      " [ 0.          0.70682518  0.70738827  2.        ]\n",
      " [ 0.          0.          0.          1.        ]]\n",
      "[[ 0.67181484  0.52397602 -0.52355893 -3.7020228 ]\n",
      " [-0.74071912  0.47523394 -0.47485565 -3.34898144]\n",
      " [ 0.          0.70682518  0.70738827  2.        ]\n",
      " [ 0.          0.          0.          1.        ]]\n",
      "[[ 0.80901699  0.41579239 -0.41546142 -2.93892626]\n",
      " [-0.58778525  0.57228913 -0.57183358 -4.04508497]\n",
      " [ 0.          0.70682518  0.70738827  2.        ]\n",
      " [ 0.          0.          0.          1.        ]]\n",
      "[[ 0.80795196  0.41682738 -0.41649558 -2.93543036]\n",
      " [-0.58924837  0.57153574 -0.57108079 -4.03351718]\n",
      " [ 0.          0.70682518  0.70738827  2.        ]\n",
      " [ 0.          0.          0.          1.        ]]\n",
      "[[ 0.91354546  0.28772073 -0.2874917  -2.03368322]\n",
      " [-0.40673664  0.64623134 -0.64571693 -4.56772729]\n",
      " [ 0.          0.70682518  0.70738827  2.        ]\n",
      " [ 0.          0.          0.          1.        ]]\n",
      "[[ 0.92136218  0.2749655  -0.27474663 -1.93978021]\n",
      " [-0.3887052   0.6517608  -0.65124199 -4.60121614]\n",
      " [ 0.          0.70682518  0.70738827  2.        ]\n",
      " [ 0.          0.          0.          1.        ]]\n",
      "[[ 0.9781476   0.14707429 -0.14695722 -1.03955845]\n",
      " [-0.20791169  0.69193014 -0.69137936 -4.890738  ]\n",
      " [ 0.          0.70682518  0.70738827  2.        ]\n",
      " [ 0.          0.          0.          1.        ]]\n",
      "[[ 0.9758948   0.15438147 -0.15425858 -1.08463222]\n",
      " [-0.21824149  0.69033653 -0.68978702 -4.87008143]\n",
      " [ 0.          0.70682518  0.70738827  2.        ]\n",
      " [ 0.          0.          0.          1.        ]]\n",
      "[[ 1.          0.          0.          0.        ]\n",
      " [ 0.          0.70738827 -0.70682518 -4.        ]\n",
      " [ 0.          0.70682518  0.70738827  2.        ]\n",
      " [ 0.          0.          0.          1.        ]]\n",
      "[[ 9.99993853e-01 -2.48036455e-03  2.47839016e-03  1.90768106e-02]\n",
      " [ 3.50636936e-03  7.07383921e-01 -7.06820836e-01 -3.99811608e+00]\n",
      " [ 0.00000000e+00  7.06825181e-01  7.07388269e-01  2.00000000e+00]\n",
      " [ 0.00000000e+00  0.00000000e+00  0.00000000e+00  1.00000000e+00]]\n",
      "[[ 0.9781476  -0.14707429  0.14695722  0.83164676]\n",
      " [ 0.20791169  0.69193014 -0.69137936 -3.9125904 ]\n",
      " [ 0.          0.70682518  0.70738827  2.        ]\n",
      " [ 0.          0.          0.          1.        ]]\n",
      "[[ 0.97766178 -0.14868193  0.14856358  0.85518788]\n",
      " [ 0.21018433  0.69158647 -0.69103596 -3.92401294]\n",
      " [ 0.          0.70682518  0.70738827  2.        ]\n",
      " [ 0.          0.          0.          1.        ]]\n",
      "[[ 0.91354546 -0.28772073  0.2874917   1.62694657]\n",
      " [ 0.40673664  0.64623134 -0.64571693 -3.65418183]\n",
      " [ 0.          0.70682518  0.70738827  2.        ]\n",
      " [ 0.          0.          0.          1.        ]]\n",
      "[[ 0.91574768 -0.28419599  0.28396977  1.61197904]\n",
      " [ 0.40175389  0.64778916 -0.64727352 -3.64133065]\n",
      " [ 0.          0.70682518  0.70738827  2.        ]\n",
      " [ 0.          0.          0.          1.        ]]\n",
      "[[ 0.80901699 -0.41579239  0.41546142  2.35114101]\n",
      " [ 0.58778525  0.57228913 -0.57183358 -3.23606798]\n",
      " [ 0.          0.70682518  0.70738827  2.        ]\n",
      " [ 0.          0.          0.          1.        ]]\n",
      "[[ 0.79895288 -0.42541879  0.42508016  2.3881659 ]\n",
      " [ 0.60139362  0.5651699  -0.56472002 -3.19691421]\n",
      " [ 0.          0.70682518  0.70738827  2.        ]\n",
      " [ 0.          0.          0.          1.        ]]\n",
      "[[ 0.66913061 -0.52569193  0.52527348  2.9725793 ]\n",
      " [ 0.74314483  0.47333514 -0.47295836 -2.67652243]\n",
      " [ 0.          0.70682518  0.70738827  2.        ]\n",
      " [ 0.          0.          0.          1.        ]]\n",
      "[[ 0.66115278 -0.53071896  0.53029651  2.99779202]\n",
      " [ 0.75025129  0.46769172 -0.46731943 -2.67586868]\n",
      " [ 0.          0.70682518  0.70738827  2.        ]\n",
      " [ 0.          0.          0.          1.        ]]\n",
      "[[ 0.5        -0.61261621  0.61212856  3.46410162]\n",
      " [ 0.8660254   0.35369413 -0.35341259 -2.        ]\n",
      " [ 0.          0.70682518  0.70738827  2.        ]\n",
      " [ 0.          0.          0.          1.        ]]\n",
      "[[ 0.50842627 -0.60913595  0.60865107  3.44206928]\n",
      " [ 0.86110553  0.35965478 -0.35936849 -2.02662893]\n",
      " [ 0.          0.70682518  0.70738827  2.        ]\n",
      " [ 0.          0.          0.          1.        ]]\n",
      "[[ 0.30901699 -0.67276622  0.67223069  3.80422607]\n",
      " [ 0.95105652  0.218595   -0.21842099 -1.23606798]\n",
      " [ 0.          0.70682518  0.70738827  2.        ]\n",
      " [ 0.          0.          0.          1.        ]]\n",
      "[[ 0.30057082 -0.67467828  0.67414123  3.80684831]\n",
      " [ 0.9537595   0.21262027 -0.21245102 -1.19759822]\n",
      " [ 0.          0.70682518  0.70738827  2.        ]\n",
      " [ 0.          0.          0.          1.        ]]\n",
      "[[ 0.10452846 -0.70351312  0.70295312  3.97808758]\n",
      " [ 0.9945219   0.07394221 -0.07388335 -0.41811385]\n",
      " [ 0.          0.70682518  0.70738827  2.        ]\n",
      " [ 0.          0.          0.          1.        ]]\n",
      "[[ 0.10577189 -0.70342012  0.70286019  3.99288788]\n",
      " [ 0.99439042  0.0748218  -0.07476224 -0.42893446]\n",
      " [ 0.          0.70682518  0.70738827  2.        ]\n",
      " [ 0.          0.          0.          1.        ]]\n",
      "[[-0.10452846 -0.70351312  0.70295312  3.97808758]\n",
      " [ 0.9945219  -0.07394221  0.07388335  0.41811385]\n",
      " [ 0.          0.70682518  0.70738827  2.        ]\n",
      " [ 0.          0.          0.          1.        ]]\n",
      "[[-0.10125989 -0.7037523   0.7031921   3.98363466]\n",
      " [ 0.99486001 -0.07163006  0.07157304  0.4018851 ]\n",
      " [ 0.          0.70682518  0.70738827  2.        ]\n",
      " [ 0.          0.          0.          1.        ]]\n",
      "[[-0.30901699 -0.67276622  0.67223069  3.80422607]\n",
      " [ 0.95105652 -0.218595    0.21842099  1.23606798]\n",
      " [ 0.          0.70682518  0.70738827  2.        ]\n",
      " [ 0.          0.          0.          1.        ]]\n",
      "[[-0.31402853 -0.67160401  0.6710694   3.78048958]\n",
      " [ 0.94941355 -0.2221401   0.22196327  1.26951065]\n",
      " [ 0.          0.70682518  0.70738827  2.        ]\n",
      " [ 0.          0.          0.          1.        ]]\n",
      "[[-0.5        -0.61261621  0.61212856  3.46410162]\n",
      " [ 0.8660254  -0.35369413  0.35341259  2.        ]\n",
      " [ 0.          0.70682518  0.70738827  2.        ]\n",
      " [ 0.          0.          0.          1.        ]]\n",
      "[[-0.50869726 -0.60902272  0.60853793  3.4437709 ]\n",
      " [ 0.86094546 -0.35984648  0.35956004  2.03472927]\n",
      " [ 0.          0.70682518  0.70738827  2.        ]\n",
      " [ 0.          0.          0.          1.        ]]\n",
      "[[-0.66913061 -0.52569193  0.52527348  2.9725793 ]\n",
      " [ 0.74314483 -0.47333514  0.47295836  2.67652243]\n",
      " [ 0.          0.70682518  0.70738827  2.        ]\n",
      " [ 0.          0.          0.          1.        ]]\n",
      "[[-0.66106469 -0.53077387  0.53035137  2.99215675]\n",
      " [ 0.75032891 -0.46762941  0.46725717  2.65401436]\n",
      " [ 0.          0.70682518  0.70738827  2.        ]\n",
      " [ 0.          0.          0.          1.        ]]\n",
      "[[-0.80901699 -0.41579239  0.41546142  2.35114101]\n",
      " [ 0.58778525 -0.57228913  0.57183358  3.23606798]\n",
      " [ 0.          0.70682518  0.70738827  2.        ]\n",
      " [ 0.          0.          0.          1.        ]]\n",
      "[[-0.80504649 -0.41963102  0.41929699  2.38386231]\n",
      " [ 0.59321173 -0.56948044  0.56902713  3.22158331]\n",
      " [ 0.          0.70682518  0.70738827  2.        ]\n",
      " [ 0.          0.          0.          1.        ]]\n",
      "[[-0.91354546 -0.28772073  0.2874917   1.62694657]\n",
      " [ 0.40673664 -0.64623134  0.64571693  3.65418183]\n",
      " [ 0.          0.70682518  0.70738827  2.        ]\n",
      " [ 0.          0.          0.          1.        ]]\n",
      "[[-0.91426165 -0.28658012  0.286352    1.60992838]\n",
      " [ 0.40512422 -0.64673797  0.64622316  3.64464787]\n",
      " [ 0.          0.70682518  0.70738827  2.        ]\n",
      " [ 0.          0.          0.          1.        ]]\n",
      "[[-0.9781476  -0.14707429  0.14695722  0.83164676]\n",
      " [ 0.20791169 -0.69193014  0.69137936  3.9125904 ]\n",
      " [ 0.          0.70682518  0.70738827  2.        ]\n",
      " [ 0.          0.          0.          1.        ]]\n",
      "[[-0.97860975 -0.14552777  0.14541193  0.83813236]\n",
      " [ 0.20572545 -0.69225706  0.69170601  3.92936079]\n",
      " [ 0.          0.70682518  0.70738827  2.        ]\n",
      " [ 0.          0.          0.          1.        ]]\n",
      "[[-1.00000000e+00 -4.00773575e-16  4.00454556e-16  2.26621556e-15]\n",
      " [ 5.66553890e-16 -7.07388269e-01  7.06825181e-01  4.00000000e+00]\n",
      " [ 0.00000000e+00  7.06825181e-01  7.07388269e-01  2.00000000e+00]\n",
      " [ 0.00000000e+00  0.00000000e+00  0.00000000e+00  1.00000000e+00]]\n",
      "[[-0.9999331  -0.00818251  0.008176    0.05501494]\n",
      " [ 0.01156721 -0.70734094  0.70677789  3.9907464 ]\n",
      " [ 0.          0.70682518  0.70738827  2.        ]\n",
      " [ 0.          0.          0.          1.        ]]\n",
      "[[-0.9781476   0.14707429 -0.14695722 -0.83164676]\n",
      " [-0.20791169 -0.69193014  0.69137936  3.9125904 ]\n",
      " [ 0.          0.70682518  0.70738827  2.        ]\n",
      " [ 0.          0.          0.          1.        ]]\n",
      "[[-0.97860851  0.14553194 -0.1454161  -0.83115229]\n",
      " [-0.20573135 -0.69225618  0.69170514  3.91795767]\n",
      " [ 0.          0.70682518  0.70738827  2.        ]\n",
      " [ 0.          0.          0.          1.        ]]\n",
      "[[-0.91354546  0.28772073 -0.2874917  -1.62694657]\n",
      " [-0.40673664 -0.64623134  0.64571693  3.65418183]\n",
      " [ 0.          0.70682518  0.70738827  2.        ]\n",
      " [ 0.          0.          0.          1.        ]]\n",
      "[[-0.9128401   0.28883881 -0.28860889 -1.63015405]\n",
      " [-0.40831722 -0.64573238  0.64521837  3.63452804]\n",
      " [ 0.          0.70682518  0.70738827  2.        ]\n",
      " [ 0.          0.          0.          1.        ]]\n",
      "[[-0.80901699  0.41579239 -0.41546142 -2.35114101]\n",
      " [-0.58778525 -0.57228913  0.57183358  3.23606798]\n",
      " [ 0.          0.70682518  0.70738827  2.        ]\n",
      " [ 0.          0.          0.          1.        ]]\n",
      "[[-0.80056578  0.4238988  -0.42356137 -2.41397982]\n",
      " [-0.59924488 -0.56631084  0.56586005  3.21951426]\n",
      " [ 0.          0.70682518  0.70738827  2.        ]\n",
      " [ 0.          0.          0.          1.        ]]\n",
      "[[-0.66913061  0.52569193 -0.52527348 -2.9725793 ]\n",
      " [-0.74314483 -0.47333514  0.47295836  2.67652243]\n",
      " [ 0.          0.70682518  0.70738827  2.        ]\n",
      " [ 0.          0.          0.          1.        ]]\n",
      "[[-0.66882579  0.525886   -0.52546739 -2.96699965]\n",
      " [-0.74341917 -0.47311952  0.47274291  2.67361101]\n",
      " [ 0.          0.70682518  0.70738827  2.        ]\n",
      " [ 0.          0.          0.          1.        ]]\n",
      "[[-0.5         0.61261621 -0.61212856 -3.46410162]\n",
      " [-0.8660254  -0.35369413  0.35341259  2.        ]\n",
      " [ 0.          0.70682518  0.70738827  2.        ]\n",
      " [ 0.          0.          0.          1.        ]]\n",
      "[[-0.49266149  0.61558416 -0.61509414 -3.47040437]\n",
      " [-0.87022104 -0.34850296  0.34822555  1.98892648]\n",
      " [ 0.          0.70682518  0.70738827  2.        ]\n",
      " [ 0.          0.          0.          1.        ]]\n",
      "[[-0.30901699  0.67276622 -0.67223069 -3.80422607]\n",
      " [-0.95105652 -0.218595    0.21842099  1.23606798]\n",
      " [ 0.          0.70682518  0.70738827  2.        ]\n",
      " [ 0.          0.          0.          1.        ]]\n",
      "[[-0.31747894  0.67079177 -0.67025781 -3.81070344]\n",
      " [-0.94826532 -0.22458088  0.22440211  1.26152452]\n",
      " [ 0.          0.70682518  0.70738827  2.        ]\n",
      " [ 0.          0.          0.          1.        ]]\n",
      "[[-0.10452846  0.70351312 -0.70295312 -3.97808758]\n",
      " [-0.9945219  -0.07394221  0.07388335  0.41811385]\n",
      " [ 0.          0.70682518  0.70738827  2.        ]\n",
      " [ 0.          0.          0.          1.        ]]\n",
      "[[-0.13288832  0.70111446 -0.70055636 -3.95576031]\n",
      " [-0.99113102 -0.09400364  0.09392881  0.5108335 ]\n",
      " [ 0.          0.70682518  0.70738827  2.        ]\n",
      " [ 0.          0.          0.          1.        ]]\n",
      "[[ 0.10452846  0.70351312 -0.70295312 -3.97808758]\n",
      " [-0.9945219   0.07394221 -0.07388335 -0.41811385]\n",
      " [ 0.          0.70682518  0.70738827  2.        ]\n",
      " [ 0.          0.          0.          1.        ]]\n",
      "[[ 0.1137506   0.70279685 -0.70223742 -3.97939551]\n",
      " [-0.99350934  0.08046584 -0.08040179 -0.45664213]\n",
      " [ 0.          0.70682518  0.70738827  2.        ]\n",
      " [ 0.          0.          0.          1.        ]]\n",
      "[[ 0.30901699  0.67276622 -0.67223069 -3.80422607]\n",
      " [-0.95105652  0.218595   -0.21842099 -1.23606798]\n",
      " [ 0.          0.70682518  0.70738827  2.        ]\n",
      " [ 0.          0.          0.          1.        ]]\n",
      "[[ 0.30356954  0.67400611 -0.6734696  -3.80592168]\n",
      " [-0.95280928  0.21474153 -0.2145706  -1.21512334]\n",
      " [ 0.          0.70682518  0.70738827  2.        ]\n",
      " [ 0.          0.          0.          1.        ]]\n",
      "[[ 0.5         0.61261621 -0.61212856 -3.46410162]\n",
      " [-0.8660254   0.35369413 -0.35341259 -2.        ]\n",
      " [ 0.          0.70682518  0.70738827  2.        ]\n",
      " [ 0.          0.          0.          1.        ]]\n",
      "[[ 0.5010096   0.61220332 -0.611716   -3.45531229]\n",
      " [-0.86544173  0.35440831 -0.3541262  -2.00105994]\n",
      " [ 0.          0.70682518  0.70738827  2.        ]\n",
      " [ 0.          0.          0.          1.        ]]\n",
      "[[ 0.66913061  0.52569193 -0.52527348 -2.9725793 ]\n",
      " [-0.74314483  0.47333514 -0.47295836 -2.67652243]\n",
      " [ 0.          0.70682518  0.70738827  2.        ]\n",
      " [ 0.          0.          0.          1.        ]]\n",
      "[[ 0.67614565  0.52118103 -0.52076616 -2.95690342]\n",
      " [-0.73676798  0.4782975  -0.47791677 -2.70309411]\n",
      " [ 0.          0.70682518  0.70738827  2.        ]\n",
      " [ 0.          0.          0.          1.        ]]\n",
      "[[ 0.80901699  0.41579239 -0.41546142 -2.35114101]\n",
      " [-0.58778525  0.57228913 -0.57183358 -3.23606798]\n",
      " [ 0.          0.70682518  0.70738827  2.        ]\n",
      " [ 0.          0.          0.          1.        ]]\n",
      "[[ 0.81064312  0.41420451 -0.4138748  -2.34488292]\n",
      " [-0.58554054  0.57343944 -0.57298297 -3.24150798]\n",
      " [ 0.          0.70682518  0.70738827  2.        ]\n",
      " [ 0.          0.          0.          1.        ]]\n",
      "[[ 0.91354546  0.28772073 -0.2874917  -1.62694657]\n",
      " [-0.40673664  0.64623134 -0.64571693 -3.65418183]\n",
      " [ 0.          0.70682518  0.70738827  2.        ]\n",
      " [ 0.          0.          0.          1.        ]]\n",
      "[[ 0.91666715  0.28270879 -0.28248375 -1.61947363]\n",
      " [-0.39965152  0.64843959 -0.64792343 -3.64984121]\n",
      " [ 0.          0.70682518  0.70738827  2.        ]\n",
      " [ 0.          0.          0.          1.        ]]\n",
      "[[ 0.9781476   0.14707429 -0.14695722 -0.83164676]\n",
      " [-0.20791169  0.69193014 -0.69137936 -3.9125904 ]\n",
      " [ 0.          0.70682518  0.70738827  2.        ]\n",
      " [ 0.          0.          0.          1.        ]]\n",
      "[[ 0.97975648  0.14161419 -0.14150146 -0.8067693 ]\n",
      " [-0.20019301  0.69306824 -0.69251655 -3.92749956]\n",
      " [ 0.          0.70682518  0.70738827  2.        ]\n",
      " [ 0.          0.          0.          1.        ]]\n",
      "[[ 1.          0.          0.          0.        ]\n",
      " [ 0.          0.70738827 -0.70682518 -3.        ]\n",
      " [ 0.          0.70682518  0.70738827  2.        ]\n",
      " [ 0.          0.          0.          1.        ]]\n",
      "[[ 0.99994804  0.00721097 -0.00720523 -0.03112532]\n",
      " [-0.01019379  0.70735151 -0.70678846 -2.99086855]\n",
      " [ 0.          0.70682518  0.70738827  2.        ]\n",
      " [ 0.          0.          0.          1.        ]]\n",
      "[[ 0.9781476  -0.14707429  0.14695722  0.62373507]\n",
      " [ 0.20791169  0.69193014 -0.69137936 -2.9344428 ]\n",
      " [ 0.          0.70682518  0.70738827  2.        ]\n",
      " [ 0.          0.          0.          1.        ]]\n",
      "[[ 0.97720134 -0.15018894  0.15006939  0.64284122]\n",
      " [ 0.21231472  0.69126076 -0.69071051 -2.92675923]\n",
      " [ 0.          0.70682518  0.70738827  2.        ]\n",
      " [ 0.          0.          0.          1.        ]]\n",
      "[[ 0.91354546 -0.28772073  0.2874917   1.22020993]\n",
      " [ 0.40673664  0.64623134 -0.64571693 -2.74063637]\n",
      " [ 0.          0.70682518  0.70738827  2.        ]\n",
      " [ 0.          0.          0.          1.        ]]\n",
      "[[ 0.90844177 -0.29569637  0.295461    1.24422271]\n",
      " [ 0.41801142  0.64262105 -0.64210952 -2.73547662]\n",
      " [ 0.          0.70682518  0.70738827  2.        ]\n",
      " [ 0.          0.          0.          1.        ]]\n",
      "[[ 0.80901699 -0.41579239  0.41546142  1.76335576]\n",
      " [ 0.58778525  0.57228913 -0.57183358 -2.42705098]\n",
      " [ 0.          0.70682518  0.70738827  2.        ]\n",
      " [ 0.          0.          0.          1.        ]]\n",
      "[[ 0.80735774 -0.41740313  0.41707087  1.76937098]\n",
      " [ 0.59006227  0.57111539 -0.57066078 -2.41802407]\n",
      " [ 0.          0.70682518  0.70738827  2.        ]\n",
      " [ 0.          0.          0.          1.        ]]\n",
      "[[ 0.66913061 -0.52569193  0.52527348  2.22943448]\n",
      " [ 0.74314483  0.47333514 -0.47295836 -2.00739182]\n",
      " [ 0.          0.70682518  0.70738827  2.        ]\n",
      " [ 0.          0.          0.          1.        ]]\n",
      "[[ 0.65677501 -0.53343201  0.53300739  2.26189428]\n",
      " [ 0.75408659  0.46459494 -0.46422512 -1.98401673]\n",
      " [ 0.          0.70682518  0.70738827  2.        ]\n",
      " [ 0.          0.          0.          1.        ]]\n",
      "[[ 0.5        -0.61261621  0.61212856  2.59807621]\n",
      " [ 0.8660254   0.35369413 -0.35341259 -1.5       ]\n",
      " [ 0.          0.70682518  0.70738827  2.        ]\n",
      " [ 0.          0.          0.          1.        ]]\n",
      "[[ 0.49046475 -0.61646131  0.6159706   2.6168935 ]\n",
      " [ 0.87146103  0.34694901 -0.34667283 -1.47101783]\n",
      " [ 0.          0.70682518  0.70738827  2.        ]\n",
      " [ 0.          0.          0.          1.        ]]\n",
      "[[ 0.30901699 -0.67276622  0.67223069  2.85316955]\n",
      " [ 0.95105652  0.218595   -0.21842099 -0.92705098]\n",
      " [ 0.          0.70682518  0.70738827  2.        ]\n",
      " [ 0.          0.          0.          1.        ]]\n",
      "[[ 0.30595092 -0.67346708  0.67293099  2.85930216]\n",
      " [ 0.95204728  0.21642609 -0.21625382 -0.91926828]\n",
      " [ 0.          0.70682518  0.70738827  2.        ]\n",
      " [ 0.          0.          0.          1.        ]]\n",
      "[[ 0.10452846 -0.70351312  0.70295312  2.98356569]\n",
      " [ 0.9945219   0.07394221 -0.07388335 -0.31358539]\n",
      " [ 0.          0.70682518  0.70738827  2.        ]\n",
      " [ 0.          0.          0.          1.        ]]\n",
      "[[ 0.11137178 -0.70298747  0.70242789  2.98599863]\n",
      " [ 0.99377881  0.07878309 -0.07872038 -0.33062726]\n",
      " [ 0.          0.70682518  0.70738827  2.        ]\n",
      " [ 0.          0.          0.          1.        ]]\n",
      "[[-0.10452846 -0.70351312  0.70295312  2.98356569]\n",
      " [ 0.9945219  -0.07394221  0.07388335  0.31358539]\n",
      " [ 0.          0.70682518  0.70738827  2.        ]\n",
      " [ 0.          0.          0.          1.        ]]\n",
      "[[-0.09050949 -0.70448486  0.70392408  3.00248131]\n",
      " [ 0.99589559 -0.06402535  0.06397439  0.26747207]\n",
      " [ 0.          0.70682518  0.70738827  2.        ]\n",
      " [ 0.          0.          0.          1.        ]]\n",
      "[[-0.30901699 -0.67276622  0.67223069  2.85316955]\n",
      " [ 0.95105652 -0.218595    0.21842099  0.92705098]\n",
      " [ 0.          0.70682518  0.70738827  2.        ]\n",
      " [ 0.          0.          0.          1.        ]]\n",
      "[[-0.31259906 -0.67193762  0.67140276  2.84083786]\n",
      " [ 0.94988517 -0.2211289   0.22095288  0.93131173]\n",
      " [ 0.          0.70682518  0.70738827  2.        ]\n",
      " [ 0.          0.          0.          1.        ]]\n",
      "[[-0.5        -0.61261621  0.61212856  2.59807621]\n",
      " [ 0.8660254  -0.35369413  0.35341259  1.5       ]\n",
      " [ 0.          0.70682518  0.70738827  2.        ]\n",
      " [ 0.          0.          0.          1.        ]]\n",
      "[[-0.51080333 -0.60814     0.60765591  2.56816439]\n",
      " [ 0.8596976  -0.36133628  0.36104865  1.52521464]\n",
      " [ 0.          0.70682518  0.70738827  2.        ]\n",
      " [ 0.          0.          0.          1.        ]]\n",
      "[[-0.66913061 -0.52569193  0.52527348  2.22943448]\n",
      " [ 0.74314483 -0.47333514  0.47295836  2.00739182]\n",
      " [ 0.          0.70682518  0.70738827  2.        ]\n",
      " [ 0.          0.          0.          1.        ]]\n",
      "[[-0.67462439 -0.52216656  0.52175091  2.20828884]\n",
      " [ 0.73816119 -0.47722138  0.4768415   2.02900344]\n",
      " [ 0.          0.70682518  0.70738827  2.        ]\n",
      " [ 0.          0.          0.          1.        ]]\n",
      "[[-0.80901699 -0.41579239  0.41546142  1.76335576]\n",
      " [ 0.58778525 -0.57228913  0.57183358  2.42705098]\n",
      " [ 0.          0.70682518  0.70738827  2.        ]\n",
      " [ 0.          0.          0.          1.        ]]\n",
      "[[-0.79712281 -0.42713322  0.42679321  1.80401264]\n",
      " [ 0.60381722 -0.56387532  0.56342647  2.38032452]\n",
      " [ 0.          0.70682518  0.70738827  2.        ]\n",
      " [ 0.          0.          0.          1.        ]]\n",
      "[[-0.91354546 -0.28772073  0.2874917   1.22020993]\n",
      " [ 0.40673664 -0.64623134  0.64571693  2.74063637]\n",
      " [ 0.          0.70682518  0.70738827  2.        ]\n",
      " [ 0.          0.          0.          1.        ]]\n",
      "[[-0.91055936 -0.29241899  0.29218622  1.22680118]\n",
      " [ 0.41337834 -0.64411901  0.64360628  2.73678407]\n",
      " [ 0.          0.70682518  0.70738827  2.        ]\n",
      " [ 0.          0.          0.          1.        ]]\n",
      "[[-0.9781476  -0.14707429  0.14695722  0.62373507]\n",
      " [ 0.20791169 -0.69193014  0.69137936  2.9344428 ]\n",
      " [ 0.          0.70682518  0.70738827  2.        ]\n",
      " [ 0.          0.          0.          1.        ]]\n",
      "[[-0.97956659 -0.14227     0.14215675  0.61329374]\n",
      " [ 0.2011201  -0.69293391  0.69238233  2.93944596]\n",
      " [ 0.          0.70682518  0.70738827  2.        ]\n",
      " [ 0.          0.          0.          1.        ]]\n",
      "[[-1.00000000e+00 -4.00773575e-16  4.00454556e-16  1.69966167e-15]\n",
      " [ 5.66553890e-16 -7.07388269e-01  7.06825181e-01  3.00000000e+00]\n",
      " [ 0.00000000e+00  7.06825181e-01  7.07388269e-01  2.00000000e+00]\n",
      " [ 0.00000000e+00  0.00000000e+00  0.00000000e+00  1.00000000e+00]]\n",
      "[[-0.99996438 -0.00597069  0.00596594  0.02825532]\n",
