{
 "cells": [
  {
   "cell_type": "code",
   "execution_count": 15,
   "metadata": {},
   "outputs": [],
   "source": [
    "import os\n",
    "import json\n",
    "import math\n",
    "import numpy as np\n",
    "import copy\n",
    "from scipy.spatial.transform import Rotation"
   ]
  },
  {
   "cell_type": "code",
   "execution_count": 16,
   "metadata": {},
   "outputs": [],
   "source": [
    "SAVE_PATH = os.path.join(os.getcwd(), '../data/jackal_training_data_1')\n",
    "if not os.path.exists(SAVE_PATH):\n",
    "    os.makedirs(SAVE_PATH)\n",
    "if not os.path.exists(os.path.join(SAVE_PATH, 'images')):\n",
    "    os.makedirs(os.path.join(SAVE_PATH, 'images'))"
   ]
  },
  {
   "cell_type": "code",
   "execution_count": 17,
   "metadata": {},
   "outputs": [],
   "source": [
    "pixel_size = 1.4e-3 # pixel size in mm\n",
    "\n",
    "transforms = {}\n",
    "transforms[\"focal_length\"] = 4.74 #Focal Length in mm\n",
    "transforms[\"pixel_width\"] = 3*pixel_size\n",
    "transforms[\"pixel_height\"] = transforms[\"pixel_width\"]\n",
    "transforms[\"w\"] = 1280  # image width\n",
    "transforms[\"h\"] = 720 # image height\n",
    "\n",
    "transforms[\"fov_x\"] = 2*math.atan((transforms[\"w\"]*transforms[\"pixel_width\"])/(2*transforms[\"focal_length\"])) # field of view in x\n",
    "transforms[\"fl_x\"] = transforms[\"focal_length\"]/transforms[\"pixel_width\"] # focal length/ pixel_width\n",
    "transforms[\"fl_y\"] = transforms[\"focal_length\"]/transforms[\"pixel_height\"]# focal length/ pixel_height\n",
    "transforms[\"cx\"] = transforms[\"w\"]//2 # optical center in x\n",
    "transforms[\"cy\"] = transforms[\"h\"]//2 # optical center in y\n",
    "transforms[\"camera_model\"] = \"OPENCV\" # camera model\n",
    "\n",
    "ground_truth = {}\n",
    "ground_truth = transforms.copy()"
   ]
  },
  {
   "cell_type": "code",
   "execution_count": 18,
   "metadata": {},
   "outputs": [
    {
     "name": "stdout",
     "output_type": "stream",
     "text": [
      "0.0042\n"
     ]
    }
   ],
   "source": [
    "print(transforms[\"pixel_width\"])"
   ]
  },
  {
   "cell_type": "code",
   "execution_count": 19,
   "metadata": {},
   "outputs": [
    {
     "name": "stdout",
     "output_type": "stream",
     "text": [
      "[[ 1.          0.          0.          0.        ]\n",
      " [ 0.          0.70738827 -0.70682518 -2.5       ]\n",
      " [ 0.          0.70682518  0.70738827  2.5       ]\n",
      " [ 0.          0.          0.          1.        ]]\n",
      "[[ 0.99995036 -0.00704818  0.00704257  0.02953388]\n",
      " [ 0.00996367  0.70735316 -0.7067901  -2.49669222]\n",
      " [ 0.          0.70682518  0.70738827  2.5       ]\n",
      " [ 0.          0.          0.          1.        ]]\n",
      "[[ 0.98480775 -0.12283668  0.1227389   0.43412044]\n",
      " [ 0.17364818  0.69664145 -0.69608692 -2.46201938]\n",
      " [ 0.          0.70682518  0.70738827  2.5       ]\n",
      " [ 0.          0.          0.          1.        ]]\n",
      "[[ 0.98599282 -0.1179837   0.11788978  0.42093305]\n",
      " [ 0.16678775  0.69747976 -0.69692456 -2.4549968 ]\n",
      " [ 0.          0.70682518  0.70738827  2.5       ]\n",
      " [ 0.          0.          0.          1.        ]]\n",
      "[[ 0.93969262 -0.24194104  0.24174845  0.85505036]\n",
      " [ 0.34202014  0.66472754 -0.66419841 -2.34923155]\n",
      " [ 0.          0.70682518  0.70738827  2.5       ]\n",
      " [ 0.          0.          0.          1.        ]]\n",
      "[[ 0.93862983 -0.24399671  0.24380249  0.8405622 ]\n",
      " [ 0.34492615  0.66397573 -0.6634472  -2.34740873]\n",
      " [ 0.          0.70682518  0.70738827  2.5       ]\n",
      " [ 0.          0.          0.          1.        ]]\n",
      "[[ 0.8660254  -0.35369413  0.35341259  1.25      ]\n",
      " [ 0.5         0.61261621 -0.61212856 -2.16506351]\n",
      " [ 0.          0.70682518  0.70738827  2.5       ]\n",
      " [ 0.          0.          0.          1.        ]]\n",
      "[[ 0.86768126 -0.35165752  0.35137759  1.25754505]\n",
      " [ 0.49712093  0.61378755 -0.61329897 -2.16645019]\n",
      " [ 0.          0.70682518  0.70738827  2.5       ]\n",
      " [ 0.          0.          0.          1.        ]]\n",
      "[[ 0.76604444 -0.45470041  0.45433847  1.60696902]\n",
      " [ 0.64278761  0.54189085 -0.5414595  -1.91511111]\n",
      " [ 0.          0.70682518  0.70738827  2.5       ]\n",
      " [ 0.          0.          0.          1.        ]]\n",
      "[[ 0.75376272 -0.46485786  0.46448783  1.66604787]\n",
      " [ 0.65714669  0.5332029  -0.53277847 -1.88471678]\n",
      " [ 0.          0.70682518  0.70738827  2.5       ]\n",
      " [ 0.          0.          0.          1.        ]]\n",
      "[[ 0.64278761 -0.54189085  0.5414595   1.91511111]\n",
      " [ 0.76604444  0.45470041 -0.45433847 -1.60696902]\n",
      " [ 0.          0.70682518  0.70738827  2.5       ]\n",
      " [ 0.          0.          0.          1.        ]]\n",
      "[[ 0.60060712 -0.56558826  0.56513804  1.99134468]\n",
      " [ 0.7995443   0.42486243 -0.42452424 -1.49106132]\n",
      " [ 0.          0.70682518  0.70738827  2.5       ]\n",
      " [ 0.          0.          0.          1.        ]]\n",
      "[[ 0.5        -0.61261621  0.61212856  2.16506351]\n",
      " [ 0.8660254   0.35369413 -0.35341259 -1.25      ]\n",
      " [ 0.          0.70682518  0.70738827  2.5       ]\n",
      " [ 0.          0.          0.          1.        ]]\n",
      "[[ 0.50154958 -0.61198204  0.61149489  2.16458855]\n",
      " [ 0.8651289   0.35479029 -0.35450788 -1.25470581]\n",
      " [ 0.          0.70682518  0.70738827  2.5       ]\n",
      " [ 0.          0.          0.          1.        ]]\n",
      "[[ 0.34202014 -0.66472754  0.66419841  2.34923155]\n",
      " [ 0.93969262  0.24194104 -0.24174845 -0.85505036]\n",
      " [ 0.          0.70682518  0.70738827  2.5       ]\n",
      " [ 0.          0.          0.          1.        ]]\n",
      "[[ 0.35660346 -0.66088162  0.66035555  2.33410716]\n",
      " [ 0.93425584  0.2522571  -0.2520563  -0.90001086]\n",
      " [ 0.          0.70682518  0.70738827  2.5       ]\n",
      " [ 0.          0.          0.          1.        ]]\n",
      "[[ 0.17364818 -0.69664145  0.69608692  2.46201938]\n",
      " [ 0.98480775  0.12283668 -0.1227389  -0.43412044]\n",
      " [ 0.          0.70682518  0.70738827  2.5       ]\n",
      " [ 0.          0.          0.          1.        ]]\n",
      "[[ 0.18874945 -0.69467316  0.69412019  2.42622553]\n",
      " [ 0.98202528  0.13351915 -0.13341287 -0.4726376 ]\n",
      " [ 0.          0.70682518  0.70738827  2.5       ]\n",
      " [ 0.          0.          0.          1.        ]]\n",
      "[[ 2.22044605e-16 -7.07388269e-01  7.06825181e-01  2.50000000e+00]\n",
      " [ 1.00000000e+00  1.57071749e-16 -1.56946718e-16 -5.55111512e-16]\n",
      " [ 0.00000000e+00  7.06825181e-01  7.07388269e-01  2.50000000e+00]\n",
      " [ 0.00000000e+00  0.00000000e+00  0.00000000e+00  1.00000000e+00]]\n",
      "[[ 0.01235605 -0.70733427  0.70677122  2.49887427]\n",
      " [ 0.99992366  0.00874053 -0.00873357 -0.02522055]\n",
      " [ 0.          0.70682518  0.70738827  2.5       ]\n",
      " [ 0.          0.          0.          1.        ]]\n",
      "[[-0.17364818 -0.69664145  0.69608692  2.46201938]\n",
      " [ 0.98480775 -0.12283668  0.1227389   0.43412044]\n",
      " [ 0.          0.70682518  0.70738827  2.5       ]\n",
      " [ 0.          0.          0.          1.        ]]\n",
      "[[-0.20120161 -0.69292207  0.6923705   2.44272777]\n",
      " [ 0.97954985 -0.14232766  0.14221436  0.52121688]\n",
      " [ 0.          0.70682518  0.70738827  2.5       ]\n",
      " [ 0.          0.          0.          1.        ]]\n",
      "[[-0.34202014 -0.66472754  0.66419841  2.34923155]\n",
      " [ 0.93969262 -0.24194104  0.24174845  0.85505036]\n",
      " [ 0.          0.70682518  0.70738827  2.5       ]\n",
      " [ 0.          0.          0.          1.        ]]\n",
      "[[-0.33298285 -0.66701966  0.66648871  2.36483159]\n",
      " [ 0.94293288 -0.23554816  0.23536066  0.83011147]\n",
      " [ 0.          0.70682518  0.70738827  2.5       ]\n",
      " [ 0.          0.          0.          1.        ]]\n",
      "[[-0.5        -0.61261621  0.61212856  2.16506351]\n",
      " [ 0.8660254  -0.35369413  0.35341259  1.25      ]\n",
      " [ 0.          0.70682518  0.70738827  2.5       ]\n",
      " [ 0.          0.          0.          1.        ]]\n",
      "[[-0.50161376 -0.61195571  0.61146859  2.16172651]\n",
      " [ 0.86509169 -0.35483569  0.35455324  1.27298185]\n",
      " [ 0.          0.70682518  0.70738827  2.5       ]\n",
      " [ 0.          0.          0.          1.        ]]\n",
      "[[-0.64278761 -0.54189085  0.5414595   1.91511111]\n",
      " [ 0.76604444 -0.45470041  0.45433847  1.60696902]\n",
      " [ 0.          0.70682518  0.70738827  2.5       ]\n",
      " [ 0.          0.          0.          1.        ]]\n",
      "[[-0.66064296 -0.53103656  0.53061385  1.87419623]\n",
      " [ 0.75070026 -0.46733108  0.46695908  1.64601388]\n",
      " [ 0.          0.70682518  0.70738827  2.5       ]\n",
      " [ 0.          0.          0.          1.        ]]\n",
      "[[-0.76604444 -0.45470041  0.45433847  1.60696902]\n",
      " [ 0.64278761 -0.54189085  0.5414595   1.91511111]\n",
      " [ 0.          0.70682518  0.70738827  2.5       ]\n",
      " [ 0.          0.          0.          1.        ]]\n",
      "[[-0.75826611 -0.46117837  0.46081127  1.61411673]\n",
      " [ 0.65194517 -0.53638855  0.53596158  1.898605  ]\n",
      " [ 0.          0.70682518  0.70738827  2.5       ]\n",
      " [ 0.          0.          0.          1.        ]]\n",
      "[[-0.8660254  -0.35369413  0.35341259  1.25      ]\n",
      " [ 0.5        -0.61261621  0.61212856  2.16506351]\n",
      " [ 0.          0.70682518  0.70738827  2.5       ]\n",
      " [ 0.          0.          0.          1.        ]]\n",
      "[[-0.8652965  -0.35458572  0.35430346  1.23823776]\n",
      " [ 0.50126038 -0.61210059  0.61161335  2.15159371]\n",
      " [ 0.          0.70682518  0.70738827  2.5       ]\n",
      " [ 0.          0.          0.          1.        ]]\n",
      "[[-0.93969262 -0.24194104  0.24174845  0.85505036]\n",
      " [ 0.34202014 -0.66472754  0.66419841  2.34923155]\n",
      " [ 0.          0.70682518  0.70738827  2.5       ]\n",
      " [ 0.          0.          0.          1.        ]]\n",
      "[[-0.94298027 -0.23545322  0.2352658   0.83806754]\n",
      " [ 0.33284864 -0.66705318  0.6665222   2.36073319]\n",
      " [ 0.          0.70682518  0.70738827  2.5       ]\n",
      " [ 0.          0.          0.          1.        ]]\n",
      "[[-0.98480775 -0.12283668  0.1227389   0.43412044]\n",
      " [ 0.17364818 -0.69664145  0.69608692  2.46201938]\n",
      " [ 0.          0.70682518  0.70738827  2.5       ]\n",
      " [ 0.          0.          0.          1.        ]]\n",
      "[[-0.98542654 -0.12032785  0.12023207  0.40954945]\n",
      " [ 0.17010156 -0.69707917  0.69652429  2.44412086]\n",
      " [ 0.          0.70682518  0.70738827  2.5       ]\n",
      " [ 0.          0.          0.          1.        ]]\n",
      "[[-1.00000000e+00 -8.66300780e-17  8.65611196e-17  3.06161700e-16]\n",
      " [ 1.22464680e-16 -7.07388269e-01  7.06825181e-01  2.50000000e+00]\n",
      " [ 0.00000000e+00  7.06825181e-01  7.07388269e-01  2.50000000e+00]\n",
      " [ 0.00000000e+00  0.00000000e+00  0.00000000e+00  1.00000000e+00]]\n",
      "[[-0.99983997  0.01265498 -0.0126449  -0.04026976]\n",
      " [-0.01788972 -0.70727506  0.70671207  2.51676054]\n",
      " [ 0.          0.70682518  0.70738827  2.5       ]\n",
      " [ 0.          0.          0.          1.        ]]\n",
      "[[-0.98480775  0.12283668 -0.1227389  -0.43412044]\n",
      " [-0.17364818 -0.69664145  0.69608692  2.46201938]\n",
      " [ 0.          0.70682518  0.70738827  2.5       ]\n",
      " [ 0.          0.          0.          1.        ]]\n",
      "[[-0.98132636  0.13606624 -0.13595793 -0.48175914]\n",
      " [-0.19235015 -0.69417875  0.69362618  2.45985685]\n",
      " [ 0.          0.70682518  0.70738827  2.5       ]\n",
      " [ 0.          0.          0.          1.        ]]\n",
      "[[-0.93969262  0.24194104 -0.24174845 -0.85505036]\n",
      " [-0.34202014 -0.66472754  0.66419841  2.34923155]\n",
      " [ 0.          0.70682518  0.70738827  2.5       ]\n",
      " [ 0.          0.          0.          1.        ]]\n",
      "[[-0.94257389  0.23626606 -0.23607799 -0.84441829]\n",
      " [-0.33399771 -0.66676571  0.66623496  2.35839324]\n",
      " [ 0.          0.70682518  0.70738827  2.5       ]\n",
      " [ 0.          0.          0.          1.        ]]\n",
      "[[-0.8660254   0.35369413 -0.35341259 -1.25      ]\n",
      " [-0.5        -0.61261621  0.61212856  2.16506351]\n",
      " [ 0.          0.70682518  0.70738827  2.5       ]\n",
      " [ 0.          0.          0.          1.        ]]\n",
      "[[-0.8703501   0.34834164 -0.34806436 -1.22070892]\n",
      " [-0.49243345 -0.61567545  0.61518537  2.17568426]\n",
      " [ 0.          0.70682518  0.70738827  2.5       ]\n",
      " [ 0.          0.          0.          1.        ]]\n",
      "[[-0.76604444  0.45470041 -0.45433847 -1.60696902]\n",
      " [-0.64278761 -0.54189085  0.5414595   1.91511111]\n",
      " [ 0.          0.70682518  0.70738827  2.5       ]\n",
      " [ 0.          0.          0.          1.        ]]\n",
      "[[-0.772644    0.44907805 -0.44872058 -1.60015664]\n",
      " [-0.63483955 -0.5465593   0.54612423  1.93470215]\n",
      " [ 0.          0.70682518  0.70738827  2.5       ]\n",
      " [ 0.          0.          0.          1.        ]]\n",
      "[[-0.64278761  0.54189085 -0.5414595  -1.91511111]\n",
      " [-0.76604444 -0.45470041  0.45433847  1.60696902]\n",
      " [ 0.          0.70682518  0.70738827  2.5       ]\n",
      " [ 0.          0.          0.          1.        ]]\n",
      "[[-0.65188929  0.53642254 -0.53599554 -1.8946794 ]\n",
      " [-0.75831415 -0.46113884  0.46077177  1.61902711]\n",
      " [ 0.          0.70682518  0.70738827  2.5       ]\n",
      " [ 0.          0.          0.          1.        ]]\n",
      "[[-0.5         0.61261621 -0.61212856 -2.16506351]\n",
      " [-0.8660254  -0.35369413  0.35341259  1.25      ]\n",
      " [ 0.          0.70682518  0.70738827  2.5       ]\n",
      " [ 0.          0.          0.          1.        ]]\n",
      "[[-0.49816688  0.61336305 -0.61287481 -2.16323394]\n",
      " [-0.86708117 -0.35239741  0.35211689  1.24982305]\n",
      " [ 0.          0.70682518  0.70738827  2.5       ]\n",
      " [ 0.          0.          0.          1.        ]]\n",
      "[[-0.34202014  0.66472754 -0.66419841 -2.34923155]\n",
      " [-0.93969262 -0.24194104  0.24174845  0.85505036]\n",
      " [ 0.          0.70682518  0.70738827  2.5       ]\n",
      " [ 0.          0.          0.          1.        ]]\n",
      "[[-0.33331323  0.66693708 -0.6664062  -2.37866609]\n",
      " [-0.94281615 -0.23578187  0.23559418  0.84998173]\n",
      " [ 0.          0.70682518  0.70738827  2.5       ]\n",
      " [ 0.          0.          0.          1.        ]]\n",
      "[[-0.17364818  0.69664145 -0.69608692 -2.46201938]\n",
      " [-0.98480775 -0.12283668  0.1227389   0.43412044]\n",
      " [ 0.          0.70682518  0.70738827  2.5       ]\n",
      " [ 0.          0.          0.          1.        ]]\n",
      "[[-0.17044738  0.6970369  -0.69648205 -2.46821213]\n",
      " [-0.98536678 -0.12057248  0.1204765   0.43815589]\n",
      " [ 0.          0.70682518  0.70738827  2.5       ]\n",
      " [ 0.          0.          0.          1.        ]]\n",
      "[[-2.22044605e-16  7.07388269e-01 -7.06825181e-01 -2.50000000e+00]\n",
      " [-1.00000000e+00 -1.57071749e-16  1.56946718e-16  5.55111512e-16]\n",
      " [ 0.00000000e+00  7.06825181e-01  7.07388269e-01  2.50000000e+00]\n",
      " [ 0.00000000e+00  0.00000000e+00  0.00000000e+00  1.00000000e+00]]\n",
      "[[-0.04558943  0.70665277 -0.70609027 -2.50140981]\n",
      " [-0.99896026 -0.03224943  0.03222376  0.11628634]\n",
      " [ 0.          0.70682518  0.70738827  2.5       ]\n",
      " [ 0.          0.          0.          1.        ]]\n",
      "[[ 0.17364818  0.69664145 -0.69608692 -2.46201938]\n",
      " [-0.98480775  0.12283668 -0.1227389  -0.43412044]\n",
      " [ 0.          0.70682518  0.70738827  2.5       ]\n",
      " [ 0.          0.          0.          1.        ]]\n",
      "[[ 0.17366195  0.69663973 -0.6960852  -2.46197668]\n",
      " [-0.98480532  0.12284642 -0.12274864 -0.42585969]\n",
      " [ 0.          0.70682518  0.70738827  2.5       ]\n",
      " [ 0.          0.          0.          1.        ]]\n",
      "[[ 0.34202014  0.66472754 -0.66419841 -2.34923155]\n",
      " [-0.93969262  0.24194104 -0.24174845 -0.85505036]\n",
      " [ 0.          0.70682518  0.70738827  2.5       ]\n",
      " [ 0.          0.          0.          1.        ]]\n",
      "[[ 0.35099763  0.66238164 -0.66185438 -2.33937317]\n",
      " [-0.93637635  0.24829161 -0.24809396 -0.86576392]\n",
      " [ 0.          0.70682518  0.70738827  2.5       ]\n",
      " [ 0.          0.          0.          1.        ]]\n",
      "[[ 0.5         0.61261621 -0.61212856 -2.16506351]\n",
      " [-0.8660254   0.35369413 -0.35341259 -1.25      ]\n",
      " [ 0.          0.70682518  0.70738827  2.5       ]\n",
      " [ 0.          0.          0.          1.        ]]\n",
      "[[ 0.48822388  0.61735077 -0.61685936 -2.18840624]\n",
      " [-0.87271842  0.34536385 -0.34508893 -1.21121981]\n",
      " [ 0.          0.70682518  0.70738827  2.5       ]\n",
      " [ 0.          0.          0.          1.        ]]\n",
      "[[ 0.64278761  0.54189085 -0.5414595  -1.91511111]\n",
      " [-0.76604444  0.45470041 -0.45433847 -1.60696902]\n",
      " [ 0.          0.70682518  0.70738827  2.5       ]\n",
      " [ 0.          0.          0.          1.        ]]\n",
      "[[ 0.64774407  0.53892942 -0.53850042 -1.90218958]\n",
      " [-0.761858    0.45820656 -0.45784182 -1.61436139]\n",
      " [ 0.          0.70682518  0.70738827  2.5       ]\n",
      " [ 0.          0.          0.          1.        ]]\n",
      "[[ 0.76604444  0.45470041 -0.45433847 -1.60696902]\n",
      " [-0.64278761  0.54189085 -0.5414595  -1.91511111]\n",
      " [ 0.          0.70682518  0.70738827  2.5       ]\n",
      " [ 0.          0.          0.          1.        ]]\n",
      "[[ 0.76200117  0.45808742 -0.45772278 -1.60915779]\n",
      " [-0.64757565  0.53903069 -0.53860161 -1.88488352]\n",
      " [ 0.          0.70682518  0.70738827  2.5       ]\n",
      " [ 0.          0.          0.          1.        ]]\n",
      "[[ 0.8660254   0.35369413 -0.35341259 -1.25      ]\n",
      " [-0.5         0.61261621 -0.61212856 -2.16506351]\n",
      " [ 0.          0.70682518  0.70738827  2.5       ]\n",
      " [ 0.          0.          0.          1.        ]]\n",
      "[[ 0.85827737  0.36302182 -0.36273285 -1.2644107 ]\n",
      " [-0.51318608  0.60713534 -0.60665206 -2.14117618]\n",
      " [ 0.          0.70682518  0.70738827  2.5       ]\n",
      " [ 0.          0.          0.          1.        ]]\n",
      "[[ 0.93969262  0.24194104 -0.24174845 -0.85505036]\n",
      " [-0.34202014  0.66472754 -0.66419841 -2.34923155]\n",
      " [ 0.          0.70682518  0.70738827  2.5       ]\n",
      " [ 0.          0.          0.          1.        ]]\n",
      "[[ 0.93847529  0.24429398 -0.24409952 -0.86396475]\n",
      " [-0.34534639  0.66386641 -0.66333797 -2.37310799]\n",
      " [ 0.          0.70682518  0.70738827  2.5       ]\n",
      " [ 0.          0.          0.          1.        ]]\n",
      "[[ 0.98480775  0.12283668 -0.1227389  -0.43412044]\n",
      " [-0.17364818  0.69664145 -0.69608692 -2.46201938]\n",
      " [ 0.          0.70682518  0.70738827  2.5       ]\n",
      " [ 0.          0.          0.          1.        ]]\n",
      "[[ 0.98602153  0.11786357 -0.11776975 -0.43375803]\n",
      " [-0.16661794  0.69750007 -0.69694485 -2.46978897]\n",
      " [ 0.          0.70682518  0.70738827  2.5       ]\n",
      " [ 0.          0.          0.          1.        ]]\n",
      "[[ 1.          0.          0.          0.        ]\n",
      " [ 0.          0.70738827 -0.70682518 -2.        ]\n",
      " [ 0.          0.70682518  0.70738827  2.5       ]\n",
      " [ 0.          0.          0.          1.        ]]\n",
      "[[ 0.99995803  0.00648129 -0.00647614 -0.02401586]\n",
      " [-0.00916229  0.70735858 -0.70679551 -1.99812992]\n",
      " [ 0.          0.70682518  0.70738827  2.5       ]\n",
      " [ 0.          0.          0.          1.        ]]\n",
      "[[ 0.98480775 -0.12283668  0.1227389   0.34729636]\n",
      " [ 0.17364818  0.69664145 -0.69608692 -1.96961551]\n",
      " [ 0.          0.70682518  0.70738827  2.5       ]\n",
      " [ 0.          0.          0.          1.        ]]\n",
      "[[ 0.98706424 -0.11341222  0.11332194  0.31626827]\n",
      " [ 0.16032527  0.69823766 -0.69768186 -1.97452682]\n",
      " [ 0.          0.70682518  0.70738827  2.5       ]\n",
      " [ 0.          0.          0.          1.        ]]\n",
      "[[ 0.93969262 -0.24194104  0.24174845  0.68404029]\n",
      " [ 0.34202014  0.66472754 -0.66419841 -1.87938524]\n",
      " [ 0.          0.70682518  0.70738827  2.5       ]\n",
      " [ 0.          0.          0.          1.        ]]\n",
      "[[ 0.94589883 -0.22952041  0.22933771  0.64663309]\n",
      " [ 0.32446171  0.66911774 -0.66858511 -1.87993945]\n",
      " [ 0.          0.70682518  0.70738827  2.5       ]\n",
      " [ 0.          0.          0.          1.        ]]\n",
      "[[ 0.8660254  -0.35369413  0.35341259  1.        ]\n",
      " [ 0.5         0.61261621 -0.61212856 -1.73205081]\n",
      " [ 0.          0.70682518  0.70738827  2.5       ]\n",
      " [ 0.          0.          0.          1.        ]]\n",
      "[[ 0.87152461 -0.34686909  0.34659298  0.99906546]\n",
      " [ 0.49035177  0.61650628 -0.61601554 -1.7394148 ]\n",
      " [ 0.          0.70682518  0.70738827  2.5       ]\n",
      " [ 0.          0.          0.          1.        ]]\n",
      "[[ 0.76604444 -0.45470041  0.45433847  1.28557522]\n",
      " [ 0.64278761  0.54189085 -0.5414595  -1.53208889]\n",
      " [ 0.          0.70682518  0.70738827  2.5       ]\n",
      " [ 0.          0.          0.          1.        ]]\n",
      "[[ 0.78247784 -0.44047542  0.4401248   1.25768984]\n",
      " [ 0.62267843  0.55351564 -0.55307504 -1.57313666]\n",
      " [ 0.          0.70682518  0.70738827  2.5       ]\n",
      " [ 0.          0.          0.          1.        ]]\n",
      "[[ 0.64278761 -0.54189085  0.5414595   1.53208889]\n",
      " [ 0.76604444  0.45470041 -0.45433847 -1.28557522]\n",
      " [ 0.          0.70682518  0.70738827  2.5       ]\n",
      " [ 0.          0.          0.          1.        ]]\n",
      "[[ 0.66617456 -0.52756724  0.52714729  1.50001753]\n",
      " [ 0.74579585  0.47124407 -0.47086896 -1.3354435 ]\n",
      " [ 0.          0.70682518  0.70738827  2.5       ]\n",
      " [ 0.          0.          0.          1.        ]]\n",
      "[[ 0.5        -0.61261621  0.61212856  1.73205081]\n",
      " [ 0.8660254   0.35369413 -0.35341259 -1.        ]\n",
      " [ 0.          0.70682518  0.70738827  2.5       ]\n",
      " [ 0.          0.          0.          1.        ]]\n",
      "[[ 0.48165355 -0.619928    0.61943453  1.75353358]\n",
      " [ 0.87636172  0.34071607 -0.34044486 -0.9699383 ]\n",
      " [ 0.          0.70682518  0.70738827  2.5       ]\n",
      " [ 0.          0.          0.          1.        ]]\n",
      "[[ 0.34202014 -0.66472754  0.66419841  1.87938524]\n",
      " [ 0.93969262  0.24194104 -0.24174845 -0.68404029]\n",
      " [ 0.          0.70682518  0.70738827  2.5       ]\n",
      " [ 0.          0.          0.          1.        ]]\n",
      "[[ 0.36596609 -0.65831546  0.65779144  1.84229884]\n",
      " [ 0.93062819  0.25888012 -0.25867405 -0.71749904]\n",
      " [ 0.          0.70682518  0.70738827  2.5       ]\n",
      " [ 0.          0.          0.          1.        ]]\n",
      "[[ 0.17364818 -0.69664145  0.69608692  1.96961551]\n",
      " [ 0.98480775  0.12283668 -0.1227389  -0.34729636]\n",
      " [ 0.          0.70682518  0.70738827  2.5       ]\n",
      " [ 0.          0.          0.          1.        ]]\n",
      "[[ 0.17899481 -0.69596396  0.69540997  1.96259787]\n",
      " [ 0.98385002  0.12661883 -0.12651804 -0.370381  ]\n",
      " [ 0.          0.70682518  0.70738827  2.5       ]\n",
      " [ 0.          0.          0.          1.        ]]\n",
      "[[ 2.22044605e-16 -7.07388269e-01  7.06825181e-01  2.00000000e+00]\n",
      " [ 1.00000000e+00  1.57071749e-16 -1.56946718e-16 -4.44089210e-16]\n",
      " [ 0.00000000e+00  7.06825181e-01  7.07388269e-01  2.50000000e+00]\n",
      " [ 0.00000000e+00  0.00000000e+00  0.00000000e+00  1.00000000e+00]]\n",
      "[[-0.01187816 -0.70733836  0.70677532  2.00579434]\n",
      " [ 0.99992945 -0.00840247  0.00839578  0.02638152]\n",
      " [ 0.          0.70682518  0.70738827  2.5       ]\n",
      " [ 0.          0.          0.          1.        ]]\n",
      "[[-0.17364818 -0.69664145  0.69608692  1.96961551]\n",
      " [ 0.98480775 -0.12283668  0.1227389   0.34729636]\n",
      " [ 0.          0.70682518  0.70738827  2.5       ]\n",
      " [ 0.          0.          0.          1.        ]]\n",
      "[[-0.2063428  -0.69216511  0.69161414  1.94671348]\n",
      " [ 0.97847976 -0.14596448  0.14584829  0.41161393]\n",
      " [ 0.          0.70682518  0.70738827  2.5       ]\n",
      " [ 0.          0.          0.          1.        ]]\n",
      "[[-0.34202014 -0.66472754  0.66419841  1.87938524]\n",
      " [ 0.93969262 -0.24194104  0.24174845  0.68404029]\n",
      " [ 0.          0.70682518  0.70738827  2.5       ]\n",
      " [ 0.          0.          0.          1.        ]]\n",
      "[[-0.32757721 -0.66835771  0.66782569  1.88350258]\n",
      " [ 0.94482441 -0.23172428  0.23153982  0.64565266]\n",
      " [ 0.          0.70682518  0.70738827  2.5       ]\n",
      " [ 0.          0.          0.          1.        ]]\n",
      "[[-0.5        -0.61261621  0.61212856  1.73205081]\n",
      " [ 0.8660254  -0.35369413  0.35341259  1.        ]\n",
      " [ 0.          0.70682518  0.70738827  2.5       ]\n",
      " [ 0.          0.          0.          1.        ]]\n",
      "[[-0.51737535 -0.60535358  0.60487171  1.70977891]\n",
      " [ 0.85575858 -0.36598525  0.36569393  1.03281691]\n",
      " [ 0.          0.70682518  0.70738827  2.5       ]\n",
      " [ 0.          0.          0.          1.        ]]\n",
      "[[-0.64278761 -0.54189085  0.5414595   1.53208889]\n",
      " [ 0.76604444 -0.45470041  0.45433847  1.28557522]\n",
      " [ 0.          0.70682518  0.70738827  2.5       ]\n",
      " [ 0.          0.          0.          1.        ]]\n",
      "[[-0.62225149 -0.55375585  0.55331505  1.56311905]\n",
      " [ 0.7828174  -0.4401734   0.43982302  1.23154808]\n",
      " [ 0.          0.70682518  0.70738827  2.5       ]\n",
      " [ 0.          0.          0.          1.        ]]\n",
      "[[-0.76604444 -0.45470041  0.45433847  1.28557522]\n",
      " [ 0.64278761 -0.54189085  0.5414595   1.53208889]\n",
      " [ 0.          0.70682518  0.70738827  2.5       ]\n",
      " [ 0.          0.          0.          1.        ]]\n",
      "[[-0.77635081 -0.44586757  0.44551265  1.24959523]\n",
      " [ 0.63030105 -0.54918146  0.5487443   1.54472887]\n",
      " [ 0.          0.70682518  0.70738827  2.5       ]\n",
      " [ 0.          0.          0.          1.        ]]\n",
      "[[-0.8660254  -0.35369413  0.35341259  1.        ]\n",
      " [ 0.5        -0.61261621  0.61212856  1.73205081]\n",
      " [ 0.          0.70682518  0.70738827  2.5       ]\n",
      " [ 0.          0.          0.          1.        ]]\n",
      "[[-0.86402117 -0.3561385   0.35585501  1.00428968]\n",
      " [ 0.50345548 -0.61119844  0.61071192  1.72838608]\n",
      " [ 0.          0.70682518  0.70738827  2.5       ]\n",
      " [ 0.          0.          0.          1.        ]]\n",
      "[[-0.93969262 -0.24194104  0.24174845  0.68404029]\n",
      " [ 0.34202014 -0.66472754  0.66419841  1.87938524]\n",
      " [ 0.          0.70682518  0.70738827  2.5       ]\n",
      " [ 0.          0.          0.          1.        ]]\n",
      "[[-0.95068151 -0.21940975  0.2192351   0.62105965]\n",
      " [ 0.31016877 -0.67250095  0.67196563  1.90217091]\n",
      " [ 0.          0.70682518  0.70738827  2.5       ]\n",
      " [ 0.          0.          0.          1.        ]]\n",
      "[[-0.98480775 -0.12283668  0.1227389   0.34729636]\n",
      " [ 0.17364818 -0.69664145  0.69608692  1.96961551]\n",
      " [ 0.          0.70682518  0.70738827  2.5       ]\n",
      " [ 0.          0.          0.          1.        ]]\n",
      "[[-0.98220363 -0.13286106  0.1327553   0.36051333]\n",
      " [ 0.18781914 -0.69479933  0.69424626  1.97904908]\n",
      " [ 0.          0.70682518  0.70738827  2.5       ]\n",
      " [ 0.          0.          0.          1.        ]]\n",
      "[[-1.00000000e+00 -8.66300780e-17  8.65611196e-17  2.44929360e-16]\n",
      " [ 1.22464680e-16 -7.07388269e-01  7.06825181e-01  2.00000000e+00]\n",
      " [ 0.00000000e+00  7.06825181e-01  7.07388269e-01  2.50000000e+00]\n",
      " [ 0.00000000e+00  0.00000000e+00  0.00000000e+00  1.00000000e+00]]\n",
      "[[-0.99996128  0.00622456 -0.0062196  -0.02504391]\n",
      " [-0.00879935 -0.70736088  0.70679782  2.0123549 ]\n",
      " [ 0.          0.70682518  0.70738827  2.5       ]\n",
      " [ 0.          0.          0.          1.        ]]\n",
      "[[-0.98480775  0.12283668 -0.1227389  -0.34729636]\n",
      " [-0.17364818 -0.69664145  0.69608692  1.96961551]\n",
      " [ 0.          0.70682518  0.70738827  2.5       ]\n",
      " [ 0.          0.          0.          1.        ]]\n",
      "[[-0.98593525  0.11822419 -0.11813008 -0.33283393]\n",
      " [-0.16712772 -0.69743903  0.69688386  1.98276789]\n",
      " [ 0.          0.70682518  0.70738827  2.5       ]\n",
      " [ 0.          0.          0.          1.        ]]\n",
      "[[-0.93969262  0.24194104 -0.24174845 -0.68404029]\n",
      " [-0.34202014 -0.66472754  0.66419841  1.87938524]\n",
      " [ 0.          0.70682518  0.70738827  2.5       ]\n",
      " [ 0.          0.          0.          1.        ]]\n",
      "[[-0.93968315  0.24195945 -0.24176685 -0.6763627 ]\n",
      " [-0.34204617 -0.66472083  0.66419171  1.87791344]\n",
      " [ 0.          0.70682518  0.70738827  2.5       ]\n",
      " [ 0.          0.          0.          1.        ]]\n",
      "[[-0.8660254   0.35369413 -0.35341259 -1.        ]\n",
      " [-0.5        -0.61261621  0.61212856  1.73205081]\n",
      " [ 0.          0.70682518  0.70738827  2.5       ]\n",
      " [ 0.          0.          0.          1.        ]]\n",
      "[[-0.87523692  0.34215979 -0.34188743 -0.95825104]\n",
      " [-0.48369447 -0.61913233  0.61863949  1.76171532]\n",
      " [ 0.          0.70682518  0.70738827  2.5       ]\n",
      " [ 0.          0.          0.          1.        ]]\n",
      "[[-0.76604444  0.45470041 -0.45433847 -1.28557522]\n",
      " [-0.64278761 -0.54189085  0.5414595   1.53208889]\n",
      " [ 0.          0.70682518  0.70738827  2.5       ]\n",
      " [ 0.          0.          0.          1.        ]]\n",
      "[[-0.76815151  0.45291816 -0.45255763 -1.28100033]\n",
      " [-0.64026812 -0.54338136  0.54294883  1.54521936]\n",
      " [ 0.          0.70682518  0.70738827  2.5       ]\n",
      " [ 0.          0.          0.          1.        ]]\n",
      "[[-0.64278761  0.54189085 -0.5414595  -1.53208889]\n",
      " [-0.76604444 -0.45470041  0.45433847  1.28557522]\n",
      " [ 0.          0.70682518  0.70738827  2.5       ]\n",
      " [ 0.          0.          0.          1.        ]]\n",
      "[[-0.65943705  0.53178606 -0.53136275 -1.4954583 ]\n",
      " [-0.75175979 -0.46647803  0.46610671  1.3030872 ]\n",
      " [ 0.          0.70682518  0.70738827  2.5       ]\n",
      " [ 0.          0.          0.          1.        ]]\n",
      "[[-0.5         0.61261621 -0.61212856 -1.73205081]\n",
      " [-0.8660254  -0.35369413  0.35341259  1.        ]\n",
      " [ 0.          0.70682518  0.70738827  2.5       ]\n",
      " [ 0.          0.          0.          1.        ]]\n",
      "[[-0.49741264  0.61366928 -0.61318079 -1.74879251]\n",
      " [-0.86751407 -0.35186386  0.35158378  0.98244244]\n",
      " [ 0.          0.70682518  0.70738827  2.5       ]\n",
      " [ 0.          0.          0.          1.        ]]\n",
      "[[-0.34202014  0.66472754 -0.66419841 -1.87938524]\n",
      " [-0.93969262 -0.24194104  0.24174845  0.68404029]\n",
      " [ 0.          0.70682518  0.70738827  2.5       ]\n",
      " [ 0.          0.          0.          1.        ]]\n",
      "[[-0.32089008  0.66997906 -0.66944575 -1.88489836]\n",
      " [-0.94711644 -0.22699388  0.22681319  0.63896161]\n",
      " [ 0.          0.70682518  0.70738827  2.5       ]\n",
      " [ 0.          0.          0.          1.        ]]\n",
      "[[-0.17364818  0.69664145 -0.69608692 -1.96961551]\n",
      " [-0.98480775 -0.12283668  0.1227389   0.34729636]\n",
      " [ 0.          0.70682518  0.70738827  2.5       ]\n",
      " [ 0.          0.          0.          1.        ]]\n",
      "[[-0.17733824  0.69617614 -0.69562198 -1.98164789]\n",
      " [-0.98414996 -0.12544699  0.12534713  0.35668021]\n",
      " [ 0.          0.70682518  0.70738827  2.5       ]\n",
      " [ 0.          0.          0.          1.        ]]\n",
      "[[-2.22044605e-16  7.07388269e-01 -7.06825181e-01 -2.00000000e+00]\n",
      " [-1.00000000e+00 -1.57071749e-16  1.56946718e-16  4.44089210e-16]\n",
      " [ 0.00000000e+00  7.06825181e-01  7.07388269e-01  2.50000000e+00]\n",
      " [ 0.00000000e+00  0.00000000e+00  0.00000000e+00  1.00000000e+00]]\n",
      "[[-3.80683976e-03  7.07383143e-01 -7.06820059e-01 -2.01139183e+00]\n",
      " [-9.99992754e-01 -2.69291379e-03  2.69077020e-03 -9.97008769e-04]\n",
      " [ 0.00000000e+00  7.06825181e-01  7.07388269e-01  2.50000000e+00]\n",
      " [ 0.00000000e+00  0.00000000e+00  0.00000000e+00  1.00000000e+00]]\n",
      "[[ 0.17364818  0.69664145 -0.69608692 -1.96961551]\n",
      " [-0.98480775  0.12283668 -0.1227389  -0.34729636]\n",
      " [ 0.          0.70682518  0.70738827  2.5       ]\n",
      " [ 0.          0.          0.          1.        ]]\n",
      "[[ 0.15283913  0.69907722 -0.69852075 -1.97509991]\n",
      " [-0.98825108  0.10811661 -0.10803054 -0.30279607]\n",
      " [ 0.          0.70682518  0.70738827  2.5       ]\n",
      " [ 0.          0.          0.          1.        ]]\n",
      "[[ 0.34202014  0.66472754 -0.66419841 -1.87938524]\n",
      " [-0.93969262  0.24194104 -0.24174845 -0.68404029]\n",
      " [ 0.          0.70682518  0.70738827  2.5       ]\n",
      " [ 0.          0.          0.          1.        ]]\n",
      "[[ 0.32847017  0.66813837 -0.66760652 -1.89493742]\n",
      " [-0.94451434  0.23235595 -0.23217099 -0.66171215]\n",
      " [ 0.          0.70682518  0.70738827  2.5       ]\n",
      " [ 0.          0.          0.          1.        ]]\n",
      "[[ 0.5         0.61261621 -0.61212856 -1.73205081]\n",
      " [-0.8660254   0.35369413 -0.35341259 -1.        ]\n",
      " [ 0.          0.70682518  0.70738827  2.5       ]\n",
      " [ 0.          0.          0.          1.        ]]\n",
      "[[ 0.51562758  0.60609933 -0.60561687 -1.70005715]\n",
      " [-0.85681282  0.3647489  -0.36445856 -1.030093  ]\n",
      " [ 0.          0.70682518  0.70738827  2.5       ]\n",
      " [ 0.          0.          0.          1.        ]]\n",
      "[[ 0.64278761  0.54189085 -0.5414595  -1.53208889]\n",
      " [-0.76604444  0.45470041 -0.45433847 -1.28557522]\n",
      " [ 0.          0.70682518  0.70738827  2.5       ]\n",
      " [ 0.          0.          0.          1.        ]]\n",
      "[[ 0.64637253  0.53975281 -0.53932316 -1.53801244]\n",
      " [-0.76302199  0.45723634 -0.45687238 -1.28693668]\n",
      " [ 0.          0.70682518  0.70738827  2.5       ]\n",
      " [ 0.          0.          0.          1.        ]]\n",
      "[[ 0.76604444  0.45470041 -0.45433847 -1.28557522]\n",
      " [-0.64278761  0.54189085 -0.5414595  -1.53208889]\n",
      " [ 0.          0.70682518  0.70738827  2.5       ]\n",
      " [ 0.          0.          0.          1.        ]]\n",
      "[[ 0.76882835  0.45234311 -0.45198304 -1.27487089]\n",
      " [-0.63945521  0.54386016 -0.54342724 -1.5245969 ]\n",
      " [ 0.          0.70682518  0.70738827  2.5       ]\n",
      " [ 0.          0.          0.          1.        ]]\n",
      "[[ 0.8660254   0.35369413 -0.35341259 -1.        ]\n",
      " [-0.5         0.61261621 -0.61212856 -1.73205081]\n",
      " [ 0.          0.70682518  0.70738827  2.5       ]\n",
      " [ 0.          0.          0.          1.        ]]\n",
      "[[ 0.87773941  0.33893682 -0.33866703 -0.96499047]\n",
      " [-0.47913832  0.62090256 -0.62040832 -1.75991776]\n",
      " [ 0.          0.70682518  0.70738827  2.5       ]\n",
      " [ 0.          0.          0.          1.        ]]\n",
      "[[ 0.93969262  0.24194104 -0.24174845 -0.68404029]\n",
      " [-0.34202014  0.66472754 -0.66419841 -1.87938524]\n",
      " [ 0.          0.70682518  0.70738827  2.5       ]\n",
      " [ 0.          0.          0.          1.        ]]\n",
      "[[ 0.94514169  0.23107591 -0.23089197 -0.63352905]\n",
      " [-0.32666065  0.66858215 -0.66804995 -1.89324579]\n",
      " [ 0.          0.70682518  0.70738827  2.5       ]\n",
      " [ 0.          0.          0.          1.        ]]\n",
      "[[ 0.98480775  0.12283668 -0.1227389  -0.34729636]\n",
      " [-0.17364818  0.69664145 -0.69608692 -1.96961551]\n",
      " [ 0.          0.70682518  0.70738827  2.5       ]\n",
      " [ 0.          0.          0.          1.        ]]\n",
      "[[ 0.98622585  0.11700503 -0.11691189 -0.33418617]\n",
      " [-0.16540425  0.6976446  -0.69708927 -1.96000652]\n",
      " [ 0.          0.70682518  0.70738827  2.5       ]\n",
      " [ 0.          0.          0.          1.        ]]\n",
      "[[ 1.          0.          0.          0.        ]\n",
      " [ 0.          0.70738827 -0.70682518 -1.5       ]\n",
      " [ 0.          0.70682518  0.70738827  2.5       ]\n",
      " [ 0.          0.          0.          1.        ]]\n",
      "[[ 0.99966856  0.01821131 -0.01819681 -0.0137621 ]\n",
      " [-0.02574443  0.70715381 -0.70659091 -1.50521674]\n",
      " [ 0.          0.70682518  0.70738827  2.5       ]\n",
      " [ 0.          0.          0.          1.        ]]\n",
      "[[ 0.98480775 -0.12283668  0.1227389   0.26047227]\n",
      " [ 0.17364818  0.69664145 -0.69608692 -1.47721163]\n",
      " [ 0.          0.70682518  0.70738827  2.5       ]\n",
      " [ 0.          0.          0.          1.        ]]\n",
      "[[ 0.98219731 -0.13288443  0.13277865  0.28328352]\n",
      " [ 0.18785218  0.69479486 -0.69424179 -1.45390054]\n",
      " [ 0.          0.70682518  0.70738827  2.5       ]\n",
      " [ 0.          0.          0.          1.        ]]\n",
      "[[ 0.93969262 -0.24194104  0.24174845  0.51303021]\n",
      " [ 0.34202014  0.66472754 -0.66419841 -1.40953893]\n",
      " [ 0.          0.70682518  0.70738827  2.5       ]\n",
      " [ 0.          0.          0.          1.        ]]\n",
      "[[ 0.93099969 -0.25821084  0.2580053   0.56959914]\n",
      " [ 0.36501996  0.65857826 -0.65805403 -1.37576064]\n",
