{
 "cells": [
  {
   "cell_type": "code",
   "execution_count": 1,
   "metadata": {},
   "outputs": [],
   "source": [
    "import os\n",
    "import json\n",
    "import math\n",
    "import numpy as np\n",
    "import copy\n",
    "from scipy.spatial.transform import Rotation"
   ]
  },
  {
   "cell_type": "code",
   "execution_count": 2,
   "metadata": {},
   "outputs": [],
   "source": [
    "SAVE_PATH = os.path.join(os.getcwd(), '../data/jackal_training_data_10')\n",
    "if not os.path.exists(SAVE_PATH):\n",
    "    os.makedirs(SAVE_PATH)\n",
    "if not os.path.exists(os.path.join(SAVE_PATH, 'images')):\n",
    "    os.makedirs(os.path.join(SAVE_PATH, 'images'))"
   ]
  },
  {
   "cell_type": "code",
   "execution_count": 3,
   "metadata": {},
   "outputs": [],
   "source": [
    "pixel_size = 1.4e-3 # pixel size in mm\n",
    "\n",
    "transforms = {}\n",
    "transforms[\"focal_length\"] = 4.74 #Focal Length in mm\n",
    "transforms[\"pixel_width\"] = 3*pixel_size\n",
    "transforms[\"pixel_height\"] = transforms[\"pixel_width\"]\n",
    "transforms[\"w\"] = 1280  # image width\n",
    "transforms[\"h\"] = 720 # image height\n",
    "\n",
    "transforms[\"fov_x\"] = 2*math.atan((transforms[\"w\"]*transforms[\"pixel_width\"])/(2*transforms[\"focal_length\"])) # field of view in x\n",
    "transforms[\"fl_x\"] = transforms[\"focal_length\"]/transforms[\"pixel_width\"] # focal length/ pixel_width\n",
    "transforms[\"fl_y\"] = transforms[\"focal_length\"]/transforms[\"pixel_height\"]# focal length/ pixel_height\n",
    "transforms[\"cx\"] = transforms[\"w\"]//2 # optical center in x\n",
    "transforms[\"cy\"] = transforms[\"h\"]//2 # optical center in y\n",
    "transforms[\"camera_model\"] = \"OPENCV\" # camera model\n",
    "\n",
    "ground_truth = {}\n",
    "ground_truth = transforms.copy()"
   ]
  },
  {
   "cell_type": "code",
   "execution_count": 4,
   "metadata": {},
   "outputs": [
    {
     "name": "stdout",
     "output_type": "stream",
     "text": [
      "0.0042\n",
      "1.031736666064982\n"
     ]
    }
   ],
   "source": [
    "print(transforms[\"pixel_width\"])\n",
    "print(transforms[\"fov_x\"])"
   ]
  },
  {
   "cell_type": "code",
   "execution_count": 5,
   "metadata": {},
   "outputs": [
    {
     "name": "stdout",
     "output_type": "stream",
     "text": [
      "[[ 1.          0.          0.          0.        ]\n",
      " [ 0.          0.70738827 -0.70682518 -3.        ]\n",
      " [ 0.          0.70682518  0.70738827  2.5       ]\n",
      " [ 0.          0.          0.          1.        ]]\n",
      "[[ 0.96284706 -0.19102829  0.19087622  0.85002789]\n",
      " [ 0.27004729  0.68110672 -0.68056455 -2.97036923]\n",
      " [ 0.          0.70682518  0.70738827  2.5       ]\n",
      " [ 0.          0.          0.          1.        ]]\n",
      "[[ 0.9921147  -0.08865926  0.08858869  0.3759997 ]\n",
      " [ 0.12533323  0.7018103  -0.70125165 -2.9763441 ]\n",
      " [ 0.          0.70682518  0.70738827  2.5       ]\n",
      " [ 0.          0.          0.          1.        ]]\n",
      "[[ 0.93901555 -0.24325292  0.24305929  1.09060837]\n",
      " [ 0.34387469  0.66424858 -0.66371984 -2.8417836 ]\n",
      " [ 0.          0.70682518  0.70738827  2.5       ]\n",
      " [ 0.          0.          0.          1.        ]]\n",
      "[[ 0.96858316 -0.17592031  0.17578027  0.74606966]\n",
      " [ 0.24868989  0.68516437 -0.68461897 -2.90574948]\n",
      " [ 0.          0.70682518  0.70738827  2.5       ]\n",
      " [ 0.          0.          0.          1.        ]]\n",
      "[[ 0.99914159 -0.02930394  0.02928062  0.11302777]\n",
      " [ 0.04142554  0.70678104 -0.70621844 -2.91623928]\n",
      " [ 0.          0.70682518  0.70738827  2.5       ]\n",
      " [ 0.          0.          0.          1.        ]]\n",
      "[[ 0.92977649 -0.26040699  0.2601997   1.10437366]\n",
      " [ 0.36812455  0.65771298 -0.65718943 -2.78932946]\n",
      " [ 0.          0.70682518  0.70738827  2.5       ]\n",
      " [ 0.          0.          0.          1.        ]]\n",
      "[[ 0.96268791 -0.19142923  0.19127685  0.64465963]\n",
      " [ 0.27061409  0.68099414 -0.68045206 -2.85300658]\n",
      " [ 0.          0.70682518  0.70738827  2.5       ]\n",
      " [ 0.          0.          0.          1.        ]]\n",
      "[[ 0.87630668 -0.3407869   0.34051563  1.44526102]\n",
      " [ 0.48175367  0.61988907 -0.61939563 -2.62892004]\n",
      " [ 0.          0.70682518  0.70738827  2.5       ]\n",
      " [ 0.          0.          0.          1.        ]]\n",
      "[[ 0.80071534 -0.42375742  0.42342011  1.81465842]\n",
      " [ 0.59904503  0.56641664 -0.56596577 -2.50839064]\n",
      " [ 0.          0.70682518  0.70738827  2.5       ]\n",
      " [ 0.          0.          0.          1.        ]]\n",
      "[[ 0.80901699 -0.41579239  0.41546142  1.76335576]\n",
      " [ 0.58778525  0.57228913 -0.57183358 -2.42705098]\n",
      " [ 0.          0.70682518  0.70738827  2.5       ]\n",
      " [ 0.          0.          0.          1.        ]]\n",
      "[[ 0.71654139 -0.49343485  0.49304207  2.21732415]\n",
      " [ 0.69754458  0.50687297 -0.5064695  -2.07646848]\n",
      " [ 0.          0.70682518  0.70738827  2.5       ]\n",
      " [ 0.          0.          0.          1.        ]]\n",
      "[[ 0.72896863 -0.48424059  0.48385513  2.05364132]\n",
      " [ 0.68454711  0.51566386 -0.51525338 -2.18690588]\n",
      " [ 0.          0.70682518  0.70738827  2.5       ]\n",
      " [ 0.          0.          0.          1.        ]]\n",
      "[[ 0.79062844 -0.43313117  0.43278639  1.77477575]\n",
      " [ 0.61229623  0.55928128 -0.55883609 -2.22913547]\n",
      " [ 0.          0.70682518  0.70738827  2.5       ]\n",
      " [ 0.          0.          0.          1.        ]]\n",
      "[[ 0.63742399 -0.54505203  0.54461816  2.31153973]\n",
      " [ 0.77051324  0.45090625 -0.45054733 -1.91227197]\n",
      " [ 0.          0.70682518  0.70738827  2.5       ]\n",
      " [ 0.          0.          0.          1.        ]]\n",
      "[[ 0.65586298 -0.53399323  0.53356816  2.15036037]\n",
      " [ 0.75487996  0.46394978 -0.46358047 -1.95225653]\n",
      " [ 0.          0.70682518  0.70738827  2.5       ]\n",
      " [ 0.          0.          0.          1.        ]]\n",
      "[[ 0.53582679 -0.59726767  0.59679224  2.53298378]\n",
      " [ 0.84432793  0.37903759 -0.37873587 -1.60748038]\n",
      " [ 0.          0.70682518  0.70738827  2.5       ]\n",
      " [ 0.          0.          0.          1.        ]]\n",
      "[[ 0.69891556 -0.50592706  0.50552433  2.2297906 ]\n",
      " [ 0.71520419  0.49440467 -0.49401112 -1.95540798]\n",
      " [ 0.          0.70682518  0.70738827  2.5       ]\n",
      " [ 0.          0.          0.          1.        ]]\n",
      "[[ 0.42577929 -0.64006404  0.63955455  2.71448116]\n",
      " [ 0.90482705  0.30119128 -0.30095152 -1.27733787]\n",
      " [ 0.          0.70682518  0.70738827  2.5       ]\n",
      " [ 0.          0.          0.          1.        ]]\n",
      "[[ 0.2456312  -0.68571626  0.68517043  3.03748401]\n",
      " [ 0.96936335  0.17375663 -0.17361832 -0.82928938]\n",
      " [ 0.          0.70682518  0.70738827  2.5       ]\n",
      " [ 0.          0.          0.          1.        ]]\n",
      "[[ 0.30901699 -0.67276622  0.67223069  2.85316955]\n",
      " [ 0.95105652  0.218595   -0.21842099 -0.92705098]\n",
      " [ 0.          0.70682518  0.70738827  2.5       ]\n",
      " [ 0.          0.          0.          1.        ]]\n",
      "[[ 0.49860965 -0.61318299  0.61269489  2.57158444]\n",
      " [ 0.86682664  0.35271062 -0.35242986 -1.44373855]\n",
      " [ 0.          0.70682518  0.70738827  2.5       ]\n",
      " [ 0.          0.          0.          1.        ]]\n",
      "[[ 0.18738131 -0.69485848  0.69430536  2.94686175]\n",
      " [ 0.98228725  0.13255134 -0.13244583 -0.56214394]\n",
      " [ 0.          0.70682518  0.70738827  2.5       ]\n",
      " [ 0.          0.          0.          1.        ]]\n",
      "[[ 0.21440769 -0.69093743  0.69038744  2.99656012]\n",
      " [ 0.97674426  0.15166949 -0.15154876 -0.67662634]\n",
      " [ 0.          0.70682518  0.70738827  2.5       ]\n",
      " [ 0.          0.          0.          1.        ]]\n",
      "[[ 0.06279052 -0.7059924   0.70543042  2.99408019]\n",
      " [ 0.99802673  0.04441728 -0.04438192 -0.18837156]\n",
      " [ 0.          0.70682518  0.70738827  2.5       ]\n",
      " [ 0.          0.          0.          1.        ]]\n",
      "[[ 0.23136789 -0.68819423  0.68764642  3.12986552]\n",
      " [ 0.97286633  0.16366693 -0.16353665 -0.66560747]\n",
      " [ 0.          0.70682518  0.70738827  2.5       ]\n",
      " [ 0.          0.          0.          1.        ]]\n",
      "[[-0.06279052 -0.7059924   0.70543042  2.99408019]\n",
      " [ 0.99802673 -0.04441728  0.04438192  0.18837156]\n",
      " [ 0.          0.70682518  0.70738827  2.5       ]\n",
      " [ 0.          0.          0.          1.        ]]\n",
      "[[-0.13151165 -0.70124434  0.70068614  3.00331167]\n",
      " [ 0.99131462 -0.0930298   0.09295575  0.28547405]\n",
      " [ 0.          0.70682518  0.70738827  2.5       ]\n",
      " [ 0.          0.          0.          1.        ]]\n",
      "[[-0.18738131 -0.69485848  0.69430536  2.94686175]\n",
      " [ 0.98228725 -0.13255134  0.13244583  0.56214394]\n",
      " [ 0.          0.70682518  0.70738827  2.5       ]\n",
      " [ 0.          0.          0.          1.        ]]\n",
      "[[-0.23658054 -0.68730685  0.68675974  2.87035566]\n",
      " [ 0.97161188 -0.1673543   0.16722109  0.71374702]\n",
      " [ 0.          0.70682518  0.70738827  2.5       ]\n",
      " [ 0.          0.          0.          1.        ]]\n",
      "[[-0.30901699 -0.67276622  0.67223069  2.85316955]\n",
      " [ 0.95105652 -0.218595    0.21842099  0.92705098]\n",
      " [ 0.          0.70682518  0.70738827  2.5       ]\n",
      " [ 0.          0.          0.          1.        ]]\n",
      "[[-3.85107521e-03 -7.07383024e-01  7.06819940e-01  2.77305654e+00]\n",
      " [ 9.99992585e-01 -2.72420543e-03  2.72203693e-03  1.46516371e-02]\n",
      " [ 0.00000000e+00  7.06825181e-01  7.07388269e-01  2.50000000e+00]\n",
      " [ 0.00000000e+00  0.00000000e+00  0.00000000e+00  1.00000000e+00]]\n",
      "[[-0.42577929 -0.64006404  0.63955455  2.71448116]\n",
      " [ 0.90482705 -0.30119128  0.30095152  1.27733787]\n",
      " [ 0.          0.70682518  0.70738827  2.5       ]\n",
      " [ 0.          0.          0.          1.        ]]\n",
      "[[-0.33029195 -0.66768881  0.66715732  2.9418904 ]\n",
      " [ 0.94387882 -0.23364465  0.23345867  1.00694519]\n",
      " [ 0.          0.70682518  0.70738827  2.5       ]\n",
      " [ 0.          0.          0.          1.        ]]\n",
      "[[-0.53582679 -0.59726767  0.59679224  2.53298378]\n",
      " [ 0.84432793 -0.37903759  0.37873587  1.60748038]\n",
      " [ 0.          0.70682518  0.70738827  2.5       ]\n",
      " [ 0.          0.          0.          1.        ]]\n",
      "[[-0.39559802 -0.6496822   0.64916504  2.73740392]\n",
      " [ 0.91842376 -0.2798414   0.27961864  1.35178227]\n",
      " [ 0.          0.70682518  0.70738827  2.5       ]\n",
      " [ 0.          0.          0.          1.        ]]\n",
      "[[-0.63742399 -0.54505203  0.54461816  2.31153973]\n",
      " [ 0.77051324 -0.45090625  0.45054733  1.91227197]\n",
      " [ 0.          0.70682518  0.70738827  2.5       ]\n",
      " [ 0.          0.          0.          1.        ]]\n",
      "[[-0.59895327 -0.56646519  0.56601428  2.35090378]\n",
      " [ 0.80078398 -0.42369252  0.42335525  1.83182942]\n",
      " [ 0.          0.70682518  0.70738827  2.5       ]\n",
      " [ 0.          0.          0.          1.        ]]\n",
      "[[-0.72896863 -0.48424059  0.48385513  2.05364132]\n",
      " [ 0.68454711 -0.51566386  0.51525338  2.18690588]\n",
      " [ 0.          0.70682518  0.70738827  2.5       ]\n",
      " [ 0.          0.          0.          1.        ]]\n",
      "[[-0.59733596 -0.56731911  0.56686752  2.44576549]\n",
      " [ 0.80199112 -0.42254845  0.4222121   1.88867805]\n",
      " [ 0.          0.70682518  0.70738827  2.5       ]\n",
      " [ 0.          0.          0.          1.        ]]\n",
      "[[-0.80901699 -0.41579239  0.41546142  1.76335576]\n",
      " [ 0.58778525 -0.57228913  0.57183358  2.42705098]\n",
      " [ 0.          0.70682518  0.70738827  2.5       ]\n",
      " [ 0.          0.          0.          1.        ]]\n",
      "[[-0.79852358 -0.42582194  0.42548298  1.67210118]\n",
      " [ 0.60196353 -0.56486622  0.56441658  2.47784327]\n",
      " [ 0.          0.70682518  0.70738827  2.5       ]\n",
      " [ 0.          0.          0.          1.        ]]\n",
      "[[-0.87630668 -0.3407869   0.34051563  1.44526102]\n",
      " [ 0.48175367 -0.61988907  0.61939563  2.62892004]\n",
      " [ 0.          0.70682518  0.70738827  2.5       ]\n",
      " [ 0.          0.          0.          1.        ]]\n",
      "[[-0.843815   -0.37960872  0.37930655  1.37592082]\n",
      " [ 0.53663418 -0.59690483  0.59642969  2.54058843]\n",
      " [ 0.          0.70682518  0.70738827  2.5       ]\n",
      " [ 0.          0.          0.          1.        ]]\n",
      "[[-0.92977649 -0.26040699  0.2601997   1.10437366]\n",
      " [ 0.36812455 -0.65771298  0.65718943  2.78932946]\n",
      " [ 0.          0.70682518  0.70738827  2.5       ]\n",
      " [ 0.          0.          0.          1.        ]]\n",
      "[[-0.78314736 -0.43987961  0.43952946  1.86326194]\n",
      " [ 0.62183616 -0.55398926  0.55354827  2.44355941]\n",
      " [ 0.          0.70682518  0.70738827  2.5       ]\n",
      " [ 0.          0.          0.          1.        ]]\n",
      "[[-0.96858316 -0.17592031  0.17578027  0.74606966]\n",
      " [ 0.24868989 -0.68516437  0.68461897  2.90574948]\n",
      " [ 0.          0.70682518  0.70738827  2.5       ]\n",
      " [ 0.          0.          0.          1.        ]]\n",
      "[[-0.98560814 -0.11958124  0.11948605  0.39406095]\n",
      " [ 0.16904611 -0.69720764  0.69665265  2.91251533]\n",
      " [ 0.          0.70682518  0.70738827  2.5       ]\n",
      " [ 0.          0.          0.          1.        ]]\n",
      "[[-0.9921147  -0.08865926  0.08858869  0.3759997 ]\n",
      " [ 0.12533323 -0.7018103   0.70125165  2.9763441 ]\n",
      " [ 0.          0.70682518  0.70738827  2.5       ]\n",
      " [ 0.          0.          0.          1.        ]]\n",
      "[[-0.97573501 -0.15488604  0.15476275  0.64847057]\n",
      " [ 0.21895477 -0.6902235   0.68967407  2.82591638]\n",
      " [ 0.          0.70682518  0.70738827  2.5       ]\n",
      " [ 0.          0.          0.          1.        ]]\n",
      "[[-1.00000000e+00 -8.66300780e-17  8.65611196e-17  3.67394040e-16]\n",
      " [ 1.22464680e-16 -7.07388269e-01  7.06825181e-01  3.00000000e+00]\n",
      " [ 0.00000000e+00  7.06825181e-01  7.07388269e-01  2.50000000e+00]\n",
      " [ 0.00000000e+00  0.00000000e+00  0.00000000e+00  1.00000000e+00]]\n",
      "[[-0.99315509  0.08262515 -0.08255938 -0.39448679]\n",
      " [-0.11680311 -0.70254626  0.70198703  2.91758279]\n",
      " [ 0.          0.70682518  0.70738827  2.5       ]\n",
      " [ 0.          0.          0.          1.        ]]\n",
      "[[-0.9921147   0.08865926 -0.08858869 -0.3759997 ]\n",
      " [-0.12533323 -0.7018103   0.70125165  2.9763441 ]\n",
      " [ 0.          0.70682518  0.70738827  2.5       ]\n",
      " [ 0.          0.          0.          1.        ]]\n",
      "[[-0.9994567  -0.02331494  0.02329639  0.04881469]\n",
      " [ 0.03295919 -0.70700394  0.70644116  2.8718735 ]\n",
      " [ 0.          0.70682518  0.70738827  2.5       ]\n",
      " [ 0.          0.          0.          1.        ]]\n",
      "[[-0.96858316  0.17592031 -0.17578027 -0.74606966]\n",
      " [-0.24868989 -0.68516437  0.68461897  2.90574948]\n",
      " [ 0.          0.70682518  0.70738827  2.5       ]\n",
      " [ 0.          0.          0.          1.        ]]\n",
      "[[-0.81399506  0.4109019  -0.41057482 -1.72692692]\n",
      " [-0.5808718  -0.57581055  0.5753522   2.24405593]\n",
      " [ 0.          0.70682518  0.70738827  2.5       ]\n",
      " [ 0.          0.          0.          1.        ]]\n",
      "[[-0.92977649  0.26040699 -0.2601997  -1.10437366]\n",
      " [-0.36812455 -0.65771298  0.65718943  2.78932946]\n",
      " [ 0.          0.70682518  0.70738827  2.5       ]\n",
      " [ 0.          0.          0.          1.        ]]\n",
      "[[-0.95327911  0.2136956  -0.21352549 -0.8714882 ]\n",
      " [-0.30209095 -0.67433846  0.67380168  2.92359954]\n",
      " [ 0.          0.70682518  0.70738827  2.5       ]\n",
      " [ 0.          0.          0.          1.        ]]\n",
      "[[-0.87630668  0.3407869  -0.34051563 -1.44526102]\n",
      " [-0.48175367 -0.61988907  0.61939563  2.62892004]\n",
      " [ 0.          0.70682518  0.70738827  2.5       ]\n",
      " [ 0.          0.          0.          1.        ]]\n",
      "[[-0.7454471   0.47152012 -0.47114478 -2.05290592]\n",
      " [-0.66656479 -0.52732053  0.52690078  2.17967331]\n",
      " [ 0.          0.70682518  0.70738827  2.5       ]\n",
      " [ 0.          0.          0.          1.        ]]\n",
      "[[-0.80901699  0.41579239 -0.41546142 -1.76335576]\n",
      " [-0.58778525 -0.57228913  0.57183358  2.42705098]\n",
      " [ 0.          0.70682518  0.70738827  2.5       ]\n",
      " [ 0.          0.          0.          1.        ]]\n",
      "[[-0.81817668  0.40672483 -0.40640108 -1.8431711 ]\n",
      " [-0.57496689 -0.57876858  0.57830788  2.44368086]\n",
      " [ 0.          0.70682518  0.70738827  2.5       ]\n",
      " [ 0.          0.          0.          1.        ]]\n",
      "[[-0.72896863  0.48424059 -0.48385513 -2.05364132]\n",
      " [-0.68454711 -0.51566386  0.51525338  2.18690588]\n",
      " [ 0.          0.70682518  0.70738827  2.5       ]\n",
      " [ 0.          0.          0.          1.        ]]\n",
      "[[-0.67404679  0.52253969 -0.52212374 -2.24200439]\n",
      " [-0.73868865 -0.47681279  0.47643325  2.05801966]\n",
      " [ 0.          0.70682518  0.70738827  2.5       ]\n",
      " [ 0.          0.          0.          1.        ]]\n",
      "[[-0.63742399  0.54505203 -0.54461816 -2.31153973]\n",
      " [-0.77051324 -0.45090625  0.45054733  1.91227197]\n",
      " [ 0.          0.70682518  0.70738827  2.5       ]\n",
      " [ 0.          0.          0.          1.        ]]\n",
      "[[-0.44407889  0.63381118 -0.63330666 -2.61717035]\n",
      " [-0.89598769 -0.3141362   0.31388614  1.36377492]\n",
      " [ 0.          0.70682518  0.70738827  2.5       ]\n",
      " [ 0.          0.          0.          1.        ]]\n",
      "[[-0.53582679  0.59726767 -0.59679224 -2.53298378]\n",
      " [-0.84432793 -0.37903759  0.37873587  1.60748038]\n",
      " [ 0.          0.70682518  0.70738827  2.5       ]\n",
      " [ 0.          0.          0.          1.        ]]\n",
      "[[-0.68439842  0.5157626  -0.51535205 -2.13321136]\n",
      " [-0.72910822 -0.48413541  0.48375004  2.12504784]\n",
      " [ 0.          0.70682518  0.70738827  2.5       ]\n",
      " [ 0.          0.          0.          1.        ]]\n",
      "[[-0.42577929  0.64006404 -0.63955455 -2.71448116]\n",
      " [-0.90482705 -0.30119128  0.30095152  1.27733787]\n",
      " [ 0.          0.70682518  0.70738827  2.5       ]\n",
      " [ 0.          0.          0.          1.        ]]\n",
      "[[-0.30267352  0.67420772 -0.67367105 -2.81515505]\n",
      " [-0.9530943  -0.2141077   0.21393727  0.79104539]\n",
      " [ 0.          0.70682518  0.70738827  2.5       ]\n",
      " [ 0.          0.          0.          1.        ]]\n",
      "[[-0.30901699  0.67276622 -0.67223069 -2.85316955]\n",
      " [-0.95105652 -0.218595    0.21842099  0.92705098]\n",
      " [ 0.          0.70682518  0.70738827  2.5       ]\n",
      " [ 0.          0.          0.          1.        ]]\n",
      "[[-0.06953943  0.70567583 -0.7051141  -3.04256758]\n",
      " [-0.9975792  -0.04919138  0.04915222  0.26436528]\n",
      " [ 0.          0.70682518  0.70738827  2.5       ]\n",
      " [ 0.          0.          0.          1.        ]]\n",
      "[[-0.18738131  0.69485848 -0.69430536 -2.94686175]\n",
      " [-0.98228725 -0.13255134  0.13244583  0.56214394]\n",
      " [ 0.          0.70682518  0.70738827  2.5       ]\n",
      " [ 0.          0.          0.          1.        ]]\n",
      "[[-0.19121075  0.69433625 -0.69378355 -3.09817771]\n",
      " [-0.981549   -0.13526024  0.13515258  0.61749377]\n",
      " [ 0.          0.70682518  0.70738827  2.5       ]\n",
      " [ 0.          0.          0.          1.        ]]\n",
      "[[-0.06279052  0.7059924  -0.70543042 -2.99408019]\n",
      " [-0.99802673 -0.04441728  0.04438192  0.18837156]\n",
      " [ 0.          0.70682518  0.70738827  2.5       ]\n",
      " [ 0.          0.          0.          1.        ]]\n",
      "[[ 0.01968243  0.70725124 -0.70668826 -2.99513781]\n",
      " [-0.99980628  0.01392312 -0.01391204 -0.06260485]\n",
      " [ 0.          0.70682518  0.70738827  2.5       ]\n",
      " [ 0.          0.          0.          1.        ]]\n",
      "[[ 0.06279052  0.7059924  -0.70543042 -2.99408019]\n",
      " [-0.99802673  0.04441728 -0.04438192 -0.18837156]\n",
      " [ 0.          0.70682518  0.70738827  2.5       ]\n",
      " [ 0.          0.          0.          1.        ]]\n",
      "[[ 0.04931081  0.70652772 -0.70596532 -3.12281194]\n",
      " [-0.99878348  0.03488189 -0.03485413 -0.16042301]\n",
      " [ 0.          0.70682518  0.70738827  2.5       ]\n",
      " [ 0.          0.          0.          1.        ]]\n",
      "[[ 0.18738131  0.69485848 -0.69430536 -2.94686175]\n",
      " [-0.98228725  0.13255134 -0.13244583 -0.56214394]\n",
      " [ 0.          0.70682518  0.70738827  2.5       ]\n",
      " [ 0.          0.          0.          1.        ]]\n",
      "[[ 0.30736578  0.67314463 -0.6726088  -3.02810324]\n",
      " [-0.95159145  0.21742694 -0.21725387 -0.89064179]\n",
      " [ 0.          0.70682518  0.70738827  2.5       ]\n",
      " [ 0.          0.          0.          1.        ]]\n",
      "[[ 0.30901699  0.67276622 -0.67223069 -2.85316955]\n",
      " [-0.95105652  0.218595   -0.21842099 -0.92705098]\n",
      " [ 0.          0.70682518  0.70738827  2.5       ]\n",
      " [ 0.          0.          0.          1.        ]]\n",
      "[[ 0.2030284   0.69265539 -0.69210403 -2.93539413]\n",
      " [-0.97917285  0.14361991 -0.14350559 -0.55878976]\n",
      " [ 0.          0.70682518  0.70738827  2.5       ]\n",
      " [ 0.          0.          0.          1.        ]]\n",
      "[[ 0.42577929  0.64006404 -0.63955455 -2.71448116]\n",
      " [-0.90482705  0.30119128 -0.30095152 -1.27733787]\n",
      " [ 0.          0.70682518  0.70738827  2.5       ]\n",
      " [ 0.          0.          0.          1.        ]]\n",
      "[[ 0.33478485  0.66656814 -0.66603755 -2.82988797]\n",
      " [-0.94229459  0.23682288 -0.23663436 -0.88196477]\n",
      " [ 0.          0.70682518  0.70738827  2.5       ]\n",
      " [ 0.          0.          0.          1.        ]]\n",
      "[[ 0.53582679  0.59726767 -0.59679224 -2.53298378]\n",
      " [-0.84432793  0.37903759 -0.37873587 -1.60748038]\n",
      " [ 0.          0.70682518  0.70738827  2.5       ]\n",
      " [ 0.          0.          0.          1.        ]]\n",
      "[[ 0.63690697  0.54535438 -0.54492028 -2.32942993]\n",
      " [-0.77094067  0.45054052 -0.45018188 -1.96040883]\n",
      " [ 0.          0.70682518  0.70738827  2.5       ]\n",
      " [ 0.          0.          0.          1.        ]]\n",
      "[[ 0.63742399  0.54505203 -0.54461816 -2.31153973]\n",
      " [-0.77051324  0.45090625 -0.45054733 -1.91227197]\n",
      " [ 0.          0.70682518  0.70738827  2.5       ]\n",
      " [ 0.          0.          0.          1.        ]]\n",
      "[[ 0.73098823  0.48271473 -0.48233048 -2.20584628]\n",
      " [-0.68239007  0.5170925  -0.51668089 -2.1993817 ]\n",
      " [ 0.          0.70682518  0.70738827  2.5       ]\n",
      " [ 0.          0.          0.          1.        ]]\n",
      "[[ 0.72896863  0.48424059 -0.48385513 -2.05364132]\n",
      " [-0.68454711  0.51566386 -0.51525338 -2.18690588]\n",
      " [ 0.          0.70682518  0.70738827  2.5       ]\n",
      " [ 0.          0.          0.          1.        ]]\n",
      "[[ 0.85110087  0.37138039 -0.37108477 -1.79968265]\n",
      " [-0.5250022   0.60205877 -0.60157953 -2.6348544 ]\n",
      " [ 0.          0.70682518  0.70738827  2.5       ]\n",
      " [ 0.          0.          0.          1.        ]]\n",
      "[[ 0.80901699  0.41579239 -0.41546142 -1.76335576]\n",
      " [-0.58778525  0.57228913 -0.57183358 -2.42705098]\n",
      " [ 0.          0.70682518  0.70738827  2.5       ]\n",
      " [ 0.          0.          0.          1.        ]]\n",
      "[[ 0.86617711  0.35350819 -0.3532268  -1.45128531]\n",
      " [-0.49973714  0.61272353 -0.61223579 -2.62820145]\n",
      " [ 0.          0.70682518  0.70738827  2.5       ]\n",
      " [ 0.          0.          0.          1.        ]]\n",
      "[[ 0.87630668  0.3407869  -0.34051563 -1.44526102]\n",
      " [-0.48175367  0.61988907 -0.61939563 -2.62892004]\n",
      " [ 0.          0.70682518  0.70738827  2.5       ]\n",
      " [ 0.          0.          0.          1.        ]]\n",
      "[[ 0.76177217  0.45827797 -0.45791317 -1.96791151]\n",
      " [-0.64784502  0.53886869 -0.53843975 -2.19527645]\n",
      " [ 0.          0.70682518  0.70738827  2.5       ]\n",
      " [ 0.          0.          0.          1.        ]]\n",
      "[[ 0.92977649  0.26040699 -0.2601997  -1.10437366]\n",
      " [-0.36812455  0.65771298 -0.65718943 -2.78932946]\n",
      " [ 0.          0.70682518  0.70738827  2.5       ]\n",
      " [ 0.          0.          0.          1.        ]]\n",
      "[[ 0.85569268  0.36606234 -0.36577095 -1.75413097]\n",
      " [-0.51748433  0.60530697 -0.60482514 -2.53801197]\n",
      " [ 0.          0.70682518  0.70738827  2.5       ]\n",
      " [ 0.          0.          0.          1.        ]]\n",
      "[[ 0.96858316  0.17592031 -0.17578027 -0.74606966]\n",
      " [-0.24868989  0.68516437 -0.68461897 -2.90574948]\n",
      " [ 0.          0.70682518  0.70738827  2.5       ]\n",
      " [ 0.          0.          0.          1.        ]]\n",
      "[[ 0.88960684  0.32308342 -0.32282624 -1.32461506]\n",
      " [-0.45672713  0.62929744 -0.62879651 -2.77868697]\n",
      " [ 0.          0.70682518  0.70738827  2.5       ]\n",
      " [ 0.          0.          0.          1.        ]]\n",
      "[[ 0.9921147   0.08865926 -0.08858869 -0.3759997 ]\n",
      " [-0.12533323  0.7018103  -0.70125165 -2.9763441 ]\n",
      " [ 0.          0.70682518  0.70738827  2.5       ]\n",
      " [ 0.          0.          0.          1.        ]]\n",
      "[[ 0.98963616  0.10157926 -0.10149841 -0.38769   ]\n",
      " [-0.14359761  0.70005701 -0.69949976 -2.98215863]\n",
      " [ 0.          0.70682518  0.70738827  2.5       ]\n",
      " [ 0.          0.          0.          1.        ]]\n",
      "[[ 1.          0.          0.          0.        ]\n",
      " [ 0.          0.70738827 -0.70682518 -2.7       ]\n",
      " [ 0.          0.70682518  0.70738827  2.5       ]\n",
      " [ 0.          0.          0.          1.        ]]\n",
      "[[ 0.99872914 -0.03565195  0.03562357  0.20668715]\n",
      " [ 0.0503994   0.70648928 -0.70592691 -2.49295154]\n",
      " [ 0.          0.70682518  0.70738827  2.5       ]\n",
      " [ 0.          0.          0.          1.        ]]\n",
      "[[ 0.9921147  -0.08865926  0.08858869  0.33839973]\n",
      " [ 0.12533323  0.7018103  -0.70125165 -2.67870969]\n",
      " [ 0.          0.70682518  0.70738827  2.5       ]\n",
      " [ 0.          0.          0.          1.        ]]\n",
      "[[ 0.97587085 -0.15445719  0.15433424  0.58221694]\n",
      " [ 0.21834853  0.69031959 -0.68977009 -2.68751644]\n",
      " [ 0.          0.70682518  0.70738827  2.5       ]\n",
      " [ 0.          0.          0.          1.        ]]\n",
      "[[ 0.96858316 -0.17592031  0.17578027  0.6714627 ]\n",
      " [ 0.24868989  0.68516437 -0.68461897 -2.61517454]\n",
      " [ 0.          0.70682518  0.70738827  2.5       ]\n",
      " [ 0.          0.          0.          1.        ]]\n",
      "[[ 0.995601   -0.06627834  0.06622558  0.25462952]\n",
      " [ 0.09369443  0.70427647 -0.70371586 -2.68773305]\n",
      " [ 0.          0.70682518  0.70738827  2.5       ]\n",
      " [ 0.          0.          0.          1.        ]]\n",
      "[[ 0.92977649 -0.26040699  0.2601997   0.99393629]\n",
      " [ 0.36812455  0.65771298 -0.65718943 -2.51039651]\n",
      " [ 0.          0.70682518  0.70738827  2.5       ]\n",
      " [ 0.          0.          0.          1.        ]]\n",
      "[[ 0.95705643 -0.20507306  0.20490982  0.89515564]\n",
      " [ 0.28990169  0.67701049 -0.67647158 -2.55800292]\n",
      " [ 0.          0.70682518  0.70738827  2.5       ]\n",
      " [ 0.          0.          0.          1.        ]]\n",
      "[[ 0.87630668 -0.3407869   0.34051563  1.30073492]\n",
      " [ 0.48175367  0.61988907 -0.61939563 -2.36602804]\n",
      " [ 0.          0.70682518  0.70738827  2.5       ]\n",
      " [ 0.          0.          0.          1.        ]]\n",
      "[[ 0.96888345 -0.1750909   0.17495153  0.66422559]\n",
      " [ 0.2475174   0.68537679 -0.68483122 -2.57915707]\n",
      " [ 0.          0.70682518  0.70738827  2.5       ]\n",
      " [ 0.          0.          0.          1.        ]]\n",
      "[[ 0.80901699 -0.41579239  0.41546142  1.58702018]\n",
      " [ 0.58778525  0.57228913 -0.57183358 -2.18434588]\n",
      " [ 0.          0.70682518  0.70738827  2.5       ]\n",
      " [ 0.          0.          0.          1.        ]]\n",
      "[[ 0.58998431 -0.5711557   0.57070105  2.20197586]\n",
      " [ 0.80741471  0.41734798 -0.41701576 -1.72151276]\n",
      " [ 0.          0.70682518  0.70738827  2.5       ]\n",
      " [ 0.          0.          0.          1.        ]]\n",
      "[[ 0.72896863 -0.48424059  0.48385513  1.84827719]\n",
      " [ 0.68454711  0.51566386 -0.51525338 -1.96821529]\n",
      " [ 0.          0.70682518  0.70738827  2.5       ]\n",
      " [ 0.          0.          0.          1.        ]]\n",
      "[[ 0.7941207  -0.42992235  0.42958013  1.82949085]\n",
      " [ 0.60776008  0.56175167 -0.56130451 -2.15968041]\n",
      " [ 0.          0.70682518  0.70738827  2.5       ]\n",
      " [ 0.          0.          0.          1.        ]]\n",
      "[[ 0.63742399 -0.54505203  0.54461816  2.08038576]\n",
      " [ 0.77051324  0.45090625 -0.45054733 -1.72104477]\n",
      " [ 0.          0.70682518  0.70738827  2.5       ]\n",
      " [ 0.          0.          0.          1.        ]]\n",
      "[[ 0.63668891 -0.54548178  0.54504757  2.08277001]\n",
      " [ 0.77112076  0.45038626 -0.45002775 -1.83663587]\n",
      " [ 0.          0.70682518  0.70738827  2.5       ]\n",
      " [ 0.          0.          0.          1.        ]]\n",
      "[[ 0.53582679 -0.59726767  0.59679224  2.2796854 ]\n",
      " [ 0.84432793  0.37903759 -0.37873587 -1.44673235]\n",
      " [ 0.          0.70682518  0.70738827  2.5       ]\n",
      " [ 0.          0.          0.          1.        ]]\n",
      "[[ 0.35612449 -0.66101085  0.66048468  2.4775109 ]\n",
      " [ 0.93443852  0.25191829 -0.25171776 -1.06881014]\n",
      " [ 0.          0.70682518  0.70738827  2.5       ]\n",
      " [ 0.          0.          0.          1.        ]]\n",
      "[[ 0.42577929 -0.64006404  0.63955455  2.44303304]\n",
      " [ 0.90482705  0.30119128 -0.30095152 -1.14960409]\n",
      " [ 0.          0.70682518  0.70738827  2.5       ]\n",
      " [ 0.          0.          0.          1.        ]]\n",
      "[[ 0.392916   -0.65049612  0.64997832  2.48196685]\n",
      " [ 0.91957437  0.27794417 -0.27772292 -0.94589179]\n",
      " [ 0.          0.70682518  0.70738827  2.5       ]\n",
      " [ 0.          0.          0.          1.        ]]\n",
      "[[ 0.30901699 -0.67276622  0.67223069  2.56785259]\n",
      " [ 0.95105652  0.218595   -0.21842099 -0.83434588]\n",
      " [ 0.          0.70682518  0.70738827  2.5       ]\n",
      " [ 0.          0.          0.          1.        ]]\n",
      "[[ 0.32260304 -0.6695673   0.66903431  2.59356452]\n",
      " [ 0.94653435  0.2282056  -0.22802395 -0.61534462]\n",
      " [ 0.          0.70682518  0.70738827  2.5       ]\n",
      " [ 0.          0.          0.          1.        ]]\n",
      "[[ 0.18738131 -0.69485848  0.69430536  2.65217558]\n",
      " [ 0.98228725  0.13255134 -0.13244583 -0.50592955]\n",
      " [ 0.          0.70682518  0.70738827  2.5       ]\n",
      " [ 0.          0.          0.          1.        ]]\n",
      "[[ 0.349092   -0.66288538  0.66235772  2.6926823 ]\n",
      " [ 0.93708846  0.24694359 -0.24674702 -0.98853798]\n",
      " [ 0.          0.70682518  0.70738827  2.5       ]\n",
      " [ 0.          0.          0.          1.        ]]\n",
      "[[ 0.06279052 -0.7059924   0.70543042  2.69467217]\n",
      " [ 0.99802673  0.04441728 -0.04438192 -0.1695344 ]\n",
      " [ 0.          0.70682518  0.70738827  2.5       ]\n",
      " [ 0.          0.          0.          1.        ]]\n",
      "[[ 0.27888782 -0.67932171  0.67878096  2.62553278]\n",
      " [ 0.96032369  0.19728197 -0.19712493 -0.64432794]\n",
      " [ 0.          0.70682518  0.70738827  2.5       ]\n",
      " [ 0.          0.          0.          1.        ]]\n",
      "[[-0.06279052 -0.7059924   0.70543042  2.69467217]\n",
      " [ 0.99802673 -0.04441728  0.04438192  0.1695344 ]\n",
      " [ 0.          0.70682518  0.70738827  2.5       ]\n",
      " [ 0.          0.          0.          1.        ]]\n",
      "[[-0.24757066 -0.68536716  0.6848216   2.67609121]\n",
      " [ 0.96886984 -0.17512858  0.17498918  0.58069788]\n",
      " [ 0.          0.70682518  0.70738827  2.5       ]\n",
      " [ 0.          0.          0.          1.        ]]\n",
      "[[-0.18738131 -0.69485848  0.69430536  2.65217558]\n",
      " [ 0.98228725 -0.13255134  0.13244583  0.50592955]\n",
      " [ 0.          0.70682518  0.70738827  2.5       ]\n",
      " [ 0.          0.          0.          1.        ]]\n",
      "[[-0.3607126  -0.65976478  0.6592396   2.56861943]\n",
      " [ 0.93267702 -0.25516386  0.25496075  1.18439625]\n",
      " [ 0.          0.70682518  0.70738827  2.5       ]\n",
      " [ 0.          0.          0.          1.        ]]\n",
      "[[-0.30901699 -0.67276622  0.67223069  2.56785259]\n",
      " [ 0.95105652 -0.218595    0.21842099  0.83434588]\n",
      " [ 0.          0.70682518  0.70738827  2.5       ]\n",
      " [ 0.          0.          0.          1.        ]]\n",
      "[[-0.19366912 -0.69399522  0.69344279  2.60709009]\n",
      " [ 0.98106691 -0.13699926  0.13689021  0.60298666]\n",
      " [ 0.          0.70682518  0.70738827  2.5       ]\n",
      " [ 0.          0.          0.          1.        ]]\n",
      "[[-0.42577929 -0.64006404  0.63955455  2.44303304]\n",
      " [ 0.90482705 -0.30119128  0.30095152  1.14960409]\n",
      " [ 0.          0.70682518  0.70738827  2.5       ]\n",
      " [ 0.          0.          0.          1.        ]]\n",
      "[[-0.51711354 -0.60546551  0.60498356  2.20417572]\n",
      " [ 0.85591681 -0.36580005  0.36550887  1.33988704]\n",
      " [ 0.          0.70682518  0.70738827  2.5       ]\n",
      " [ 0.          0.          0.          1.        ]]\n",
      "[[-0.53582679 -0.59726767  0.59679224  2.2796854 ]\n",
      " [ 0.84432793 -0.37903759  0.37873587  1.44673235]\n",
      " [ 0.          0.70682518  0.70738827  2.5       ]\n",
      " [ 0.          0.          0.          1.        ]]\n",
      "[[-0.64349418 -0.54147106  0.54104004  2.03210005]\n",
      " [ 0.765451   -0.45520024  0.45483789  1.76619127]\n",
      " [ 0.          0.70682518  0.70738827  2.5       ]\n",
      " [ 0.          0.          0.          1.        ]]\n",
      "[[-0.63742399 -0.54505203  0.54461816  2.08038576]\n",
      " [ 0.77051324 -0.45090625  0.45054733  1.72104477]\n",
      " [ 0.          0.70682518  0.70738827  2.5       ]\n",
      " [ 0.          0.          0.          1.        ]]\n",
      "[[-0.72592443 -0.48652359  0.48613632  1.87851915]\n",
      " [ 0.68777447 -0.51351042  0.51310166  1.93297189]\n",
      " [ 0.          0.70682518  0.70738827  2.5       ]\n",
      " [ 0.          0.          0.          1.        ]]\n",
      "[[-0.72896863 -0.48424059  0.48385513  1.84827719]\n",
      " [ 0.68454711 -0.51566386  0.51525338  1.96821529]\n",
      " [ 0.          0.70682518  0.70738827  2.5       ]\n",
      " [ 0.          0.          0.          1.        ]]\n",
      "[[-0.74104019 -0.4749834   0.47460531  1.8426185 ]\n",
      " [ 0.67146067 -0.52420314  0.52378587  1.82643909]\n",
      " [ 0.          0.70682518  0.70738827  2.5       ]\n",
      " [ 0.          0.          0.          1.        ]]\n",
      "[[-0.80901699 -0.41579239  0.41546142  1.58702018]\n",
      " [ 0.58778525 -0.57228913  0.57183358  2.18434588]\n",
      " [ 0.          0.70682518  0.70738827  2.5       ]\n",
      " [ 0.          0.          0.          1.        ]]\n",
      "[[-0.83161294 -0.39285209  0.39253937  1.55429247]\n",
      " [ 0.55535567 -0.58827324  0.58780497  2.29226682]\n",
      " [ 0.          0.70682518  0.70738827  2.5       ]\n",
      " [ 0.          0.          0.          1.        ]]\n",
      "[[-0.87630668 -0.3407869   0.34051563  1.30073492]\n",
      " [ 0.48175367 -0.61988907  0.61939563  2.36602804]\n",
      " [ 0.          0.70682518  0.70738827  2.5       ]\n",
      " [ 0.          0.          0.          1.        ]]\n",
      "[[-0.94425569 -0.23288141  0.23269604  0.96779587]\n",
      " [ 0.329213   -0.6679554   0.6674237   2.34260762]\n",
      " [ 0.          0.70682518  0.70738827  2.5       ]\n",
      " [ 0.          0.          0.          1.        ]]\n",
      "[[-0.92977649 -0.26040699  0.2601997   0.99393629]\n",
      " [ 0.36812455 -0.65771298  0.65718943  2.51039651]\n",
      " [ 0.          0.70682518  0.70738827  2.5       ]\n",
      " [ 0.          0.          0.          1.        ]]\n",
      "[[-0.90714249 -0.29768568  0.29744871  0.98922114]\n",
      " [ 0.4208236  -0.64170196  0.64119116  2.5648397 ]\n",
      " [ 0.          0.70682518  0.70738827  2.5       ]\n",
      " [ 0.          0.          0.          1.        ]]\n",
      "[[-0.96858316 -0.17592031  0.17578027  0.6714627 ]\n",
      " [ 0.24868989 -0.68516437  0.68461897  2.61517454]\n",
      " [ 0.          0.70682518  0.70738827  2.5       ]\n",
      " [ 0.          0.          0.          1.        ]]\n",
      "[[-0.98993631 -0.10010508  0.10002539  0.527645  ]\n",
      " [ 0.14151362 -0.70026933  0.69971191  2.7051941 ]\n",
      " [ 0.          0.70682518  0.70738827  2.5       ]\n",
      " [ 0.          0.          0.          1.        ]]\n",
      "[[-0.9921147  -0.08865926  0.08858869  0.33839973]\n",
      " [ 0.12533323 -0.7018103   0.70125165  2.67870969]\n",
      " [ 0.          0.70682518  0.70738827  2.5       ]\n",
      " [ 0.          0.          0.          1.        ]]\n",
      "[[-9.99999909e-01 -3.01832605e-04  3.01592343e-04  3.92395886e-02]\n",
      " [ 4.26685906e-04 -7.07388205e-01  7.06825117e-01  2.78787120e+00]\n",
      " [ 0.00000000e+00  7.06825181e-01  7.07388269e-01  2.50000000e+00]\n",
      " [ 0.00000000e+00  0.00000000e+00  0.00000000e+00  1.00000000e+00]]\n",
      "[[-1.00000000e+00 -8.66300780e-17  8.65611196e-17  3.30654636e-16]\n",
