{
 "cells": [
  {
   "cell_type": "code",
   "execution_count": 15,
   "metadata": {},
   "outputs": [],
   "source": [
    "import os\n",
    "import json\n",
    "import math\n",
    "import numpy as np\n",
    "import copy\n",
    "from scipy.spatial.transform import Rotation"
   ]
  },
  {
   "cell_type": "code",
   "execution_count": 16,
   "metadata": {},
   "outputs": [],
   "source": [
    "SAVE_PATH = os.path.join(os.getcwd(), '../data/jackal_training_data')\n",
    "if not os.path.exists(SAVE_PATH):\n",
    "    os.makedirs(SAVE_PATH)\n",
    "if not os.path.exists(os.path.join(SAVE_PATH, 'images')):\n",
    "    os.makedirs(os.path.join(SAVE_PATH, 'images'))"
   ]
  },
  {
   "cell_type": "code",
   "execution_count": 17,
   "metadata": {},
   "outputs": [],
   "source": [
    "transforms = {}\n",
    "transforms[\"focal_length\"] = 4.74 #Focal Length in mm\n",
    "transforms[\"fov_x\"] = 1.1519 * 0.5 #FOV in radians\n",
    "transforms[\"w\"] = 1280  # image width\n",
    "transforms[\"h\"] = 720 # image height\n",
    "\n",
    "\n",
    "transforms[\"pixel_width\"] = 2*math.tan(transforms[\"fov_x\"]) * transforms[\"focal_length\"] / transforms[\"w\"] #Sensor width in mm\n",
    "transforms[\"pixel_height\"] = transforms[\"pixel_width\"] #Sensor height in mm\n",
    "transforms[\"fl_x\"] = transforms[\"focal_length\"]/transforms[\"pixel_width\"] # focal length/ pixel_width\n",
    "transforms[\"fl_y\"] = transforms[\"focal_length\"]/transforms[\"pixel_height\"]# focal length/ pixel_height\n",
    "transforms[\"cx\"] = transforms[\"w\"]//2 # optical center in x\n",
    "transforms[\"cy\"] = transforms[\"h\"]//2 # optical center in y\n",
    "transforms[\"camera_model\"] = \"OPENCV\" # camera model\n",
    "\n",
    "ground_truth = {}\n",
    "ground_truth = transforms.copy()"
   ]
  },
  {
   "cell_type": "code",
   "execution_count": 18,
   "metadata": {},
   "outputs": [
    {
     "name": "stdout",
     "output_type": "stream",
     "text": [
      "0.00480958387256315\n"
     ]
    }
   ],
   "source": [
    "print(transforms[\"pixel_width\"])"
   ]
  },
  {
   "cell_type": "code",
   "execution_count": 19,
   "metadata": {},
   "outputs": [
    {
     "name": "stdout",
     "output_type": "stream",
     "text": [
      "[[ 1.          0.          0.          0.        ]\n",
      " [ 0.          0.70738827 -0.70682518 -2.5       ]\n",
      " [ 0.          0.70682518  0.70738827  2.        ]\n",
      " [ 0.          0.          0.          1.        ]]\n",
      "[[ 1.          0.          0.          0.        ]\n",
      " [ 0.          0.70738827 -0.70682518 -2.5       ]\n",
      " [ 0.          0.70682518  0.70738827  2.        ]\n",
      " [ 0.          0.          0.          1.        ]]\n",
      "[[ 0.98480775 -0.12283668  0.1227389   0.43412044]\n",
      " [ 0.17364818  0.69664145 -0.69608692 -2.46201938]\n",
      " [ 0.          0.70682518  0.70738827  2.        ]\n",
      " [ 0.          0.          0.          1.        ]]\n",
      "[[ 0.98480775 -0.12283668  0.1227389   0.43412044]\n",
      " [ 0.17364818  0.69664145 -0.69608692 -2.46201938]\n",
      " [ 0.          0.70682518  0.70738827  2.        ]\n",
      " [ 0.          0.          0.          1.        ]]\n",
      "[[ 0.93969262 -0.24194104  0.24174845  0.85505036]\n",
      " [ 0.34202014  0.66472754 -0.66419841 -2.34923155]\n",
      " [ 0.          0.70682518  0.70738827  2.        ]\n",
      " [ 0.          0.          0.          1.        ]]\n",
      "[[ 0.93969262 -0.24194104  0.24174845  0.85505036]\n",
      " [ 0.34202014  0.66472754 -0.66419841 -2.34923155]\n",
      " [ 0.          0.70682518  0.70738827  2.        ]\n",
      " [ 0.          0.          0.          1.        ]]\n",
      "[[ 0.8660254  -0.35369413  0.35341259  1.25      ]\n",
      " [ 0.5         0.61261621 -0.61212856 -2.16506351]\n",
      " [ 0.          0.70682518  0.70738827  2.        ]\n",
      " [ 0.          0.          0.          1.        ]]\n",
      "[[ 0.8660254  -0.35369413  0.35341259  1.25      ]\n",
      " [ 0.5         0.61261621 -0.61212856 -2.16506351]\n",
      " [ 0.          0.70682518  0.70738827  2.        ]\n",
      " [ 0.          0.          0.          1.        ]]\n",
      "[[ 0.76604444 -0.45470041  0.45433847  1.60696902]\n",
      " [ 0.64278761  0.54189085 -0.5414595  -1.91511111]\n",
      " [ 0.          0.70682518  0.70738827  2.        ]\n",
      " [ 0.          0.          0.          1.        ]]\n",
      "[[ 0.76604444 -0.45470041  0.45433847  1.60696902]\n",
      " [ 0.64278761  0.54189085 -0.5414595  -1.91511111]\n",
      " [ 0.          0.70682518  0.70738827  2.        ]\n",
      " [ 0.          0.          0.          1.        ]]\n",
      "[[ 0.64278761 -0.54189085  0.5414595   1.91511111]\n",
      " [ 0.76604444  0.45470041 -0.45433847 -1.60696902]\n",
      " [ 0.          0.70682518  0.70738827  2.        ]\n",
      " [ 0.          0.          0.          1.        ]]\n",
      "[[ 0.64278761 -0.54189085  0.5414595   1.91511111]\n",
      " [ 0.76604444  0.45470041 -0.45433847 -1.60696902]\n",
      " [ 0.          0.70682518  0.70738827  2.        ]\n",
      " [ 0.          0.          0.          1.        ]]\n",
      "[[ 0.5        -0.61261621  0.61212856  2.16506351]\n",
      " [ 0.8660254   0.35369413 -0.35341259 -1.25      ]\n",
      " [ 0.          0.70682518  0.70738827  2.        ]\n",
      " [ 0.          0.          0.          1.        ]]\n",
      "[[ 0.5        -0.61261621  0.61212856  2.16506351]\n",
      " [ 0.8660254   0.35369413 -0.35341259 -1.25      ]\n",
      " [ 0.          0.70682518  0.70738827  2.        ]\n",
      " [ 0.          0.          0.          1.        ]]\n",
      "[[ 0.34202014 -0.66472754  0.66419841  2.34923155]\n",
      " [ 0.93969262  0.24194104 -0.24174845 -0.85505036]\n",
      " [ 0.          0.70682518  0.70738827  2.        ]\n",
      " [ 0.          0.          0.          1.        ]]\n",
      "[[ 0.34202014 -0.66472754  0.66419841  2.34923155]\n",
      " [ 0.93969262  0.24194104 -0.24174845 -0.85505036]\n",
      " [ 0.          0.70682518  0.70738827  2.        ]\n",
      " [ 0.          0.          0.          1.        ]]\n",
      "[[ 0.17364818 -0.69664145  0.69608692  2.46201938]\n",
      " [ 0.98480775  0.12283668 -0.1227389  -0.43412044]\n",
      " [ 0.          0.70682518  0.70738827  2.        ]\n",
      " [ 0.          0.          0.          1.        ]]\n",
      "[[ 0.17364818 -0.69664145  0.69608692  2.46201938]\n",
      " [ 0.98480775  0.12283668 -0.1227389  -0.43412044]\n",
      " [ 0.          0.70682518  0.70738827  2.        ]\n",
      " [ 0.          0.          0.          1.        ]]\n",
      "[[ 2.22044605e-16 -7.07388269e-01  7.06825181e-01  2.50000000e+00]\n",
      " [ 1.00000000e+00  1.57071749e-16 -1.56946718e-16 -5.55111512e-16]\n",
      " [ 0.00000000e+00  7.06825181e-01  7.07388269e-01  2.00000000e+00]\n",
      " [ 0.00000000e+00  0.00000000e+00  0.00000000e+00  1.00000000e+00]]\n",
      "[[ 2.22044605e-16 -7.07388269e-01  7.06825181e-01  2.50000000e+00]\n",
      " [ 1.00000000e+00  1.57071749e-16 -1.56946718e-16 -5.55111512e-16]\n",
      " [ 0.00000000e+00  7.06825181e-01  7.07388269e-01  2.00000000e+00]\n",
      " [ 0.00000000e+00  0.00000000e+00  0.00000000e+00  1.00000000e+00]]\n",
      "[[-0.17364818 -0.69664145  0.69608692  2.46201938]\n",
      " [ 0.98480775 -0.12283668  0.1227389   0.43412044]\n",
      " [ 0.          0.70682518  0.70738827  2.        ]\n",
      " [ 0.          0.          0.          1.        ]]\n",
      "[[-0.17364818 -0.69664145  0.69608692  2.46201938]\n",
      " [ 0.98480775 -0.12283668  0.1227389   0.43412044]\n",
      " [ 0.          0.70682518  0.70738827  2.        ]\n",
      " [ 0.          0.          0.          1.        ]]\n",
      "[[-0.34202014 -0.66472754  0.66419841  2.34923155]\n",
      " [ 0.93969262 -0.24194104  0.24174845  0.85505036]\n",
      " [ 0.          0.70682518  0.70738827  2.        ]\n",
      " [ 0.          0.          0.          1.        ]]\n",
      "[[-0.34202014 -0.66472754  0.66419841  2.34923155]\n",
      " [ 0.93969262 -0.24194104  0.24174845  0.85505036]\n",
      " [ 0.          0.70682518  0.70738827  2.        ]\n",
      " [ 0.          0.          0.          1.        ]]\n",
      "[[-0.5        -0.61261621  0.61212856  2.16506351]\n",
      " [ 0.8660254  -0.35369413  0.35341259  1.25      ]\n",
      " [ 0.          0.70682518  0.70738827  2.        ]\n",
      " [ 0.          0.          0.          1.        ]]\n",
      "[[-0.5        -0.61261621  0.61212856  2.16506351]\n",
      " [ 0.8660254  -0.35369413  0.35341259  1.25      ]\n",
      " [ 0.          0.70682518  0.70738827  2.        ]\n",
      " [ 0.          0.          0.          1.        ]]\n",
      "[[-0.64278761 -0.54189085  0.5414595   1.91511111]\n",
      " [ 0.76604444 -0.45470041  0.45433847  1.60696902]\n",
      " [ 0.          0.70682518  0.70738827  2.        ]\n",
      " [ 0.          0.          0.          1.        ]]\n",
      "[[-0.64278761 -0.54189085  0.5414595   1.91511111]\n",
      " [ 0.76604444 -0.45470041  0.45433847  1.60696902]\n",
      " [ 0.          0.70682518  0.70738827  2.        ]\n",
      " [ 0.          0.          0.          1.        ]]\n",
      "[[-0.76604444 -0.45470041  0.45433847  1.60696902]\n",
      " [ 0.64278761 -0.54189085  0.5414595   1.91511111]\n",
      " [ 0.          0.70682518  0.70738827  2.        ]\n",
      " [ 0.          0.          0.          1.        ]]\n",
      "[[-0.76604444 -0.45470041  0.45433847  1.60696902]\n",
      " [ 0.64278761 -0.54189085  0.5414595   1.91511111]\n",
      " [ 0.          0.70682518  0.70738827  2.        ]\n",
      " [ 0.          0.          0.          1.        ]]\n",
      "[[-0.8660254  -0.35369413  0.35341259  1.25      ]\n",
      " [ 0.5        -0.61261621  0.61212856  2.16506351]\n",
      " [ 0.          0.70682518  0.70738827  2.        ]\n",
      " [ 0.          0.          0.          1.        ]]\n",
      "[[-0.8660254  -0.35369413  0.35341259  1.25      ]\n",
      " [ 0.5        -0.61261621  0.61212856  2.16506351]\n",
      " [ 0.          0.70682518  0.70738827  2.        ]\n",
      " [ 0.          0.          0.          1.        ]]\n",
      "[[-0.93969262 -0.24194104  0.24174845  0.85505036]\n",
      " [ 0.34202014 -0.66472754  0.66419841  2.34923155]\n",
      " [ 0.          0.70682518  0.70738827  2.        ]\n",
      " [ 0.          0.          0.          1.        ]]\n",
      "[[-0.93969262 -0.24194104  0.24174845  0.85505036]\n",
      " [ 0.34202014 -0.66472754  0.66419841  2.34923155]\n",
      " [ 0.          0.70682518  0.70738827  2.        ]\n",
      " [ 0.          0.          0.          1.        ]]\n",
      "[[-0.98480775 -0.12283668  0.1227389   0.43412044]\n",
      " [ 0.17364818 -0.69664145  0.69608692  2.46201938]\n",
      " [ 0.          0.70682518  0.70738827  2.        ]\n",
      " [ 0.          0.          0.          1.        ]]\n",
      "[[-0.98480775 -0.12283668  0.1227389   0.43412044]\n",
      " [ 0.17364818 -0.69664145  0.69608692  2.46201938]\n",
      " [ 0.          0.70682518  0.70738827  2.        ]\n",
      " [ 0.          0.          0.          1.        ]]\n",
      "[[-1.00000000e+00 -8.66300780e-17  8.65611196e-17  3.06161700e-16]\n",
      " [ 1.22464680e-16 -7.07388269e-01  7.06825181e-01  2.50000000e+00]\n",
      " [ 0.00000000e+00  7.06825181e-01  7.07388269e-01  2.00000000e+00]\n",
      " [ 0.00000000e+00  0.00000000e+00  0.00000000e+00  1.00000000e+00]]\n",
      "[[-1.00000000e+00 -8.66300780e-17  8.65611196e-17  3.06161700e-16]\n",
      " [ 1.22464680e-16 -7.07388269e-01  7.06825181e-01  2.50000000e+00]\n",
      " [ 0.00000000e+00  7.06825181e-01  7.07388269e-01  2.00000000e+00]\n",
      " [ 0.00000000e+00  0.00000000e+00  0.00000000e+00  1.00000000e+00]]\n",
      "[[-0.98480775  0.12283668 -0.1227389  -0.43412044]\n",
      " [-0.17364818 -0.69664145  0.69608692  2.46201938]\n",
      " [ 0.          0.70682518  0.70738827  2.        ]\n",
      " [ 0.          0.          0.          1.        ]]\n",
      "[[-0.98480775  0.12283668 -0.1227389  -0.43412044]\n",
      " [-0.17364818 -0.69664145  0.69608692  2.46201938]\n",
      " [ 0.          0.70682518  0.70738827  2.        ]\n",
      " [ 0.          0.          0.          1.        ]]\n",
      "[[-0.93969262  0.24194104 -0.24174845 -0.85505036]\n",
      " [-0.34202014 -0.66472754  0.66419841  2.34923155]\n",
      " [ 0.          0.70682518  0.70738827  2.        ]\n",
      " [ 0.          0.          0.          1.        ]]\n",
      "[[-0.93969262  0.24194104 -0.24174845 -0.85505036]\n",
      " [-0.34202014 -0.66472754  0.66419841  2.34923155]\n",
      " [ 0.          0.70682518  0.70738827  2.        ]\n",
      " [ 0.          0.          0.          1.        ]]\n",
      "[[-0.8660254   0.35369413 -0.35341259 -1.25      ]\n",
      " [-0.5        -0.61261621  0.61212856  2.16506351]\n",
      " [ 0.          0.70682518  0.70738827  2.        ]\n",
      " [ 0.          0.          0.          1.        ]]\n",
      "[[-0.8660254   0.35369413 -0.35341259 -1.25      ]\n",
      " [-0.5        -0.61261621  0.61212856  2.16506351]\n",
      " [ 0.          0.70682518  0.70738827  2.        ]\n",
      " [ 0.          0.          0.          1.        ]]\n",
      "[[-0.76604444  0.45470041 -0.45433847 -1.60696902]\n",
      " [-0.64278761 -0.54189085  0.5414595   1.91511111]\n",
      " [ 0.          0.70682518  0.70738827  2.        ]\n",
      " [ 0.          0.          0.          1.        ]]\n",
      "[[-0.76604444  0.45470041 -0.45433847 -1.60696902]\n",
      " [-0.64278761 -0.54189085  0.5414595   1.91511111]\n",
      " [ 0.          0.70682518  0.70738827  2.        ]\n",
      " [ 0.          0.          0.          1.        ]]\n",
      "[[-0.64278761  0.54189085 -0.5414595  -1.91511111]\n",
      " [-0.76604444 -0.45470041  0.45433847  1.60696902]\n",
      " [ 0.          0.70682518  0.70738827  2.        ]\n",
      " [ 0.          0.          0.          1.        ]]\n",
      "[[-0.64278761  0.54189085 -0.5414595  -1.91511111]\n",
      " [-0.76604444 -0.45470041  0.45433847  1.60696902]\n",
      " [ 0.          0.70682518  0.70738827  2.        ]\n",
      " [ 0.          0.          0.          1.        ]]\n",
      "[[-0.5         0.61261621 -0.61212856 -2.16506351]\n",
      " [-0.8660254  -0.35369413  0.35341259  1.25      ]\n",
      " [ 0.          0.70682518  0.70738827  2.        ]\n",
      " [ 0.          0.          0.          1.        ]]\n",
      "[[-0.5         0.61261621 -0.61212856 -2.16506351]\n",
      " [-0.8660254  -0.35369413  0.35341259  1.25      ]\n",
      " [ 0.          0.70682518  0.70738827  2.        ]\n",
      " [ 0.          0.          0.          1.        ]]\n",
      "[[-0.34202014  0.66472754 -0.66419841 -2.34923155]\n",
      " [-0.93969262 -0.24194104  0.24174845  0.85505036]\n",
      " [ 0.          0.70682518  0.70738827  2.        ]\n",
      " [ 0.          0.          0.          1.        ]]\n",
      "[[-0.34202014  0.66472754 -0.66419841 -2.34923155]\n",
      " [-0.93969262 -0.24194104  0.24174845  0.85505036]\n",
      " [ 0.          0.70682518  0.70738827  2.        ]\n",
      " [ 0.          0.          0.          1.        ]]\n",
      "[[-0.17364818  0.69664145 -0.69608692 -2.46201938]\n",
      " [-0.98480775 -0.12283668  0.1227389   0.43412044]\n",
      " [ 0.          0.70682518  0.70738827  2.        ]\n",
      " [ 0.          0.          0.          1.        ]]\n",
      "[[-0.17364818  0.69664145 -0.69608692 -2.46201938]\n",
      " [-0.98480775 -0.12283668  0.1227389   0.43412044]\n",
      " [ 0.          0.70682518  0.70738827  2.        ]\n",
      " [ 0.          0.          0.          1.        ]]\n",
      "[[-2.22044605e-16  7.07388269e-01 -7.06825181e-01 -2.50000000e+00]\n",
      " [-1.00000000e+00 -1.57071749e-16  1.56946718e-16  5.55111512e-16]\n",
      " [ 0.00000000e+00  7.06825181e-01  7.07388269e-01  2.00000000e+00]\n",
      " [ 0.00000000e+00  0.00000000e+00  0.00000000e+00  1.00000000e+00]]\n",
      "[[-2.22044605e-16  7.07388269e-01 -7.06825181e-01 -2.50000000e+00]\n",
      " [-1.00000000e+00 -1.57071749e-16  1.56946718e-16  5.55111512e-16]\n",
      " [ 0.00000000e+00  7.06825181e-01  7.07388269e-01  2.00000000e+00]\n",
      " [ 0.00000000e+00  0.00000000e+00  0.00000000e+00  1.00000000e+00]]\n",
      "[[ 0.17364818  0.69664145 -0.69608692 -2.46201938]\n",
      " [-0.98480775  0.12283668 -0.1227389  -0.43412044]\n",
      " [ 0.          0.70682518  0.70738827  2.        ]\n",
      " [ 0.          0.          0.          1.        ]]\n",
      "[[ 0.17364818  0.69664145 -0.69608692 -2.46201938]\n",
      " [-0.98480775  0.12283668 -0.1227389  -0.43412044]\n",
      " [ 0.          0.70682518  0.70738827  2.        ]\n",
      " [ 0.          0.          0.          1.        ]]\n",
      "[[ 0.34202014  0.66472754 -0.66419841 -2.34923155]\n",
      " [-0.93969262  0.24194104 -0.24174845 -0.85505036]\n",
      " [ 0.          0.70682518  0.70738827  2.        ]\n",
      " [ 0.          0.          0.          1.        ]]\n",
      "[[ 0.34202014  0.66472754 -0.66419841 -2.34923155]\n",
      " [-0.93969262  0.24194104 -0.24174845 -0.85505036]\n",
      " [ 0.          0.70682518  0.70738827  2.        ]\n",
      " [ 0.          0.          0.          1.        ]]\n",
      "[[ 0.5         0.61261621 -0.61212856 -2.16506351]\n",
      " [-0.8660254   0.35369413 -0.35341259 -1.25      ]\n",
      " [ 0.          0.70682518  0.70738827  2.        ]\n",
      " [ 0.          0.          0.          1.        ]]\n",
      "[[ 0.5         0.61261621 -0.61212856 -2.16506351]\n",
      " [-0.8660254   0.35369413 -0.35341259 -1.25      ]\n",
      " [ 0.          0.70682518  0.70738827  2.        ]\n",
      " [ 0.          0.          0.          1.        ]]\n",
      "[[ 0.64278761  0.54189085 -0.5414595  -1.91511111]\n",
      " [-0.76604444  0.45470041 -0.45433847 -1.60696902]\n",
      " [ 0.          0.70682518  0.70738827  2.        ]\n",
      " [ 0.          0.          0.          1.        ]]\n",
      "[[ 0.64278761  0.54189085 -0.5414595  -1.91511111]\n",
      " [-0.76604444  0.45470041 -0.45433847 -1.60696902]\n",
      " [ 0.          0.70682518  0.70738827  2.        ]\n",
      " [ 0.          0.          0.          1.        ]]\n",
      "[[ 0.76604444  0.45470041 -0.45433847 -1.60696902]\n",
      " [-0.64278761  0.54189085 -0.5414595  -1.91511111]\n",
      " [ 0.          0.70682518  0.70738827  2.        ]\n",
      " [ 0.          0.          0.          1.        ]]\n",
      "[[ 0.76604444  0.45470041 -0.45433847 -1.60696902]\n",
      " [-0.64278761  0.54189085 -0.5414595  -1.91511111]\n",
      " [ 0.          0.70682518  0.70738827  2.        ]\n",
      " [ 0.          0.          0.          1.        ]]\n",
      "[[ 0.8660254   0.35369413 -0.35341259 -1.25      ]\n",
      " [-0.5         0.61261621 -0.61212856 -2.16506351]\n",
      " [ 0.          0.70682518  0.70738827  2.        ]\n",
      " [ 0.          0.          0.          1.        ]]\n",
      "[[ 0.8660254   0.35369413 -0.35341259 -1.25      ]\n",
      " [-0.5         0.61261621 -0.61212856 -2.16506351]\n",
      " [ 0.          0.70682518  0.70738827  2.        ]\n",
      " [ 0.          0.          0.          1.        ]]\n",
      "[[ 0.93969262  0.24194104 -0.24174845 -0.85505036]\n",
      " [-0.34202014  0.66472754 -0.66419841 -2.34923155]\n",
      " [ 0.          0.70682518  0.70738827  2.        ]\n",
      " [ 0.          0.          0.          1.        ]]\n",
      "[[ 0.93969262  0.24194104 -0.24174845 -0.85505036]\n",
      " [-0.34202014  0.66472754 -0.66419841 -2.34923155]\n",
      " [ 0.          0.70682518  0.70738827  2.        ]\n",
      " [ 0.          0.          0.          1.        ]]\n",
      "[[ 0.98480775  0.12283668 -0.1227389  -0.43412044]\n",
      " [-0.17364818  0.69664145 -0.69608692 -2.46201938]\n",
      " [ 0.          0.70682518  0.70738827  2.        ]\n",
      " [ 0.          0.          0.          1.        ]]\n",
      "[[ 0.98480775  0.12283668 -0.1227389  -0.43412044]\n",
      " [-0.17364818  0.69664145 -0.69608692 -2.46201938]\n",
      " [ 0.          0.70682518  0.70738827  2.        ]\n",
      " [ 0.          0.          0.          1.        ]]\n",
      "[[ 1.          0.          0.          0.        ]\n",
      " [ 0.          0.70738827 -0.70682518 -2.        ]\n",
      " [ 0.          0.70682518  0.70738827  2.        ]\n",
      " [ 0.          0.          0.          1.        ]]\n",
      "[[ 1.          0.          0.          0.        ]\n",
      " [ 0.          0.70738827 -0.70682518 -2.        ]\n",
      " [ 0.          0.70682518  0.70738827  2.        ]\n",
      " [ 0.          0.          0.          1.        ]]\n",
      "[[ 0.98480775 -0.12283668  0.1227389   0.34729636]\n",
      " [ 0.17364818  0.69664145 -0.69608692 -1.96961551]\n",
      " [ 0.          0.70682518  0.70738827  2.        ]\n",
      " [ 0.          0.          0.          1.        ]]\n",
      "[[ 0.98480775 -0.12283668  0.1227389   0.34729636]\n",
      " [ 0.17364818  0.69664145 -0.69608692 -1.96961551]\n",
      " [ 0.          0.70682518  0.70738827  2.        ]\n",
      " [ 0.          0.          0.          1.        ]]\n",
      "[[ 0.93969262 -0.24194104  0.24174845  0.68404029]\n",
      " [ 0.34202014  0.66472754 -0.66419841 -1.87938524]\n",
      " [ 0.          0.70682518  0.70738827  2.        ]\n",
      " [ 0.          0.          0.          1.        ]]\n",
      "[[ 0.93969262 -0.24194104  0.24174845  0.68404029]\n",
      " [ 0.34202014  0.66472754 -0.66419841 -1.87938524]\n",
      " [ 0.          0.70682518  0.70738827  2.        ]\n",
      " [ 0.          0.          0.          1.        ]]\n",
      "[[ 0.8660254  -0.35369413  0.35341259  1.        ]\n",
      " [ 0.5         0.61261621 -0.61212856 -1.73205081]\n",
      " [ 0.          0.70682518  0.70738827  2.        ]\n",
      " [ 0.          0.          0.          1.        ]]\n",
      "[[ 0.8660254  -0.35369413  0.35341259  1.        ]\n",
      " [ 0.5         0.61261621 -0.61212856 -1.73205081]\n",
      " [ 0.          0.70682518  0.70738827  2.        ]\n",
      " [ 0.          0.          0.          1.        ]]\n",
      "[[ 0.76604444 -0.45470041  0.45433847  1.28557522]\n",
      " [ 0.64278761  0.54189085 -0.5414595  -1.53208889]\n",
      " [ 0.          0.70682518  0.70738827  2.        ]\n",
      " [ 0.          0.          0.          1.        ]]\n",
      "[[ 0.76604444 -0.45470041  0.45433847  1.28557522]\n",
      " [ 0.64278761  0.54189085 -0.5414595  -1.53208889]\n",
      " [ 0.          0.70682518  0.70738827  2.        ]\n",
      " [ 0.          0.          0.          1.        ]]\n",
      "[[ 0.64278761 -0.54189085  0.5414595   1.53208889]\n",
      " [ 0.76604444  0.45470041 -0.45433847 -1.28557522]\n",
      " [ 0.          0.70682518  0.70738827  2.        ]\n",
      " [ 0.          0.          0.          1.        ]]\n",
      "[[ 0.64278761 -0.54189085  0.5414595   1.53208889]\n",
      " [ 0.76604444  0.45470041 -0.45433847 -1.28557522]\n",
      " [ 0.          0.70682518  0.70738827  2.        ]\n",
      " [ 0.          0.          0.          1.        ]]\n",
      "[[ 0.5        -0.61261621  0.61212856  1.73205081]\n",
      " [ 0.8660254   0.35369413 -0.35341259 -1.        ]\n",
      " [ 0.          0.70682518  0.70738827  2.        ]\n",
      " [ 0.          0.          0.          1.        ]]\n",
      "[[ 0.5        -0.61261621  0.61212856  1.73205081]\n",
      " [ 0.8660254   0.35369413 -0.35341259 -1.        ]\n",
      " [ 0.          0.70682518  0.70738827  2.        ]\n",
      " [ 0.          0.          0.          1.        ]]\n",
      "[[ 0.34202014 -0.66472754  0.66419841  1.87938524]\n",
      " [ 0.93969262  0.24194104 -0.24174845 -0.68404029]\n",
      " [ 0.          0.70682518  0.70738827  2.        ]\n",
      " [ 0.          0.          0.          1.        ]]\n",
      "[[ 0.34202014 -0.66472754  0.66419841  1.87938524]\n",
      " [ 0.93969262  0.24194104 -0.24174845 -0.68404029]\n",
      " [ 0.          0.70682518  0.70738827  2.        ]\n",
      " [ 0.          0.          0.          1.        ]]\n",
      "[[ 0.17364818 -0.69664145  0.69608692  1.96961551]\n",
      " [ 0.98480775  0.12283668 -0.1227389  -0.34729636]\n",
      " [ 0.          0.70682518  0.70738827  2.        ]\n",
      " [ 0.          0.          0.          1.        ]]\n",
      "[[ 0.17364818 -0.69664145  0.69608692  1.96961551]\n",
      " [ 0.98480775  0.12283668 -0.1227389  -0.34729636]\n",
      " [ 0.          0.70682518  0.70738827  2.        ]\n",
      " [ 0.          0.          0.          1.        ]]\n",
      "[[ 2.22044605e-16 -7.07388269e-01  7.06825181e-01  2.00000000e+00]\n",
      " [ 1.00000000e+00  1.57071749e-16 -1.56946718e-16 -4.44089210e-16]\n",
      " [ 0.00000000e+00  7.06825181e-01  7.07388269e-01  2.00000000e+00]\n",
      " [ 0.00000000e+00  0.00000000e+00  0.00000000e+00  1.00000000e+00]]\n",
      "[[ 2.22044605e-16 -7.07388269e-01  7.06825181e-01  2.00000000e+00]\n",
      " [ 1.00000000e+00  1.57071749e-16 -1.56946718e-16 -4.44089210e-16]\n",
      " [ 0.00000000e+00  7.06825181e-01  7.07388269e-01  2.00000000e+00]\n",
      " [ 0.00000000e+00  0.00000000e+00  0.00000000e+00  1.00000000e+00]]\n",
      "[[-0.17364818 -0.69664145  0.69608692  1.96961551]\n",
      " [ 0.98480775 -0.12283668  0.1227389   0.34729636]\n",
      " [ 0.          0.70682518  0.70738827  2.        ]\n",
      " [ 0.          0.          0.          1.        ]]\n",
      "[[-0.17364818 -0.69664145  0.69608692  1.96961551]\n",
      " [ 0.98480775 -0.12283668  0.1227389   0.34729636]\n",
      " [ 0.          0.70682518  0.70738827  2.        ]\n",
      " [ 0.          0.          0.          1.        ]]\n",
      "[[-0.34202014 -0.66472754  0.66419841  1.87938524]\n",
      " [ 0.93969262 -0.24194104  0.24174845  0.68404029]\n",
      " [ 0.          0.70682518  0.70738827  2.        ]\n",
      " [ 0.          0.          0.          1.        ]]\n",
      "[[-0.34202014 -0.66472754  0.66419841  1.87938524]\n",
      " [ 0.93969262 -0.24194104  0.24174845  0.68404029]\n",
      " [ 0.          0.70682518  0.70738827  2.        ]\n",
      " [ 0.          0.          0.          1.        ]]\n",
      "[[-0.5        -0.61261621  0.61212856  1.73205081]\n",
      " [ 0.8660254  -0.35369413  0.35341259  1.        ]\n",
      " [ 0.          0.70682518  0.70738827  2.        ]\n",
      " [ 0.          0.          0.          1.        ]]\n",
      "[[-0.5        -0.61261621  0.61212856  1.73205081]\n",
      " [ 0.8660254  -0.35369413  0.35341259  1.        ]\n",
      " [ 0.          0.70682518  0.70738827  2.        ]\n",
      " [ 0.          0.          0.          1.        ]]\n",
      "[[-0.64278761 -0.54189085  0.5414595   1.53208889]\n",
      " [ 0.76604444 -0.45470041  0.45433847  1.28557522]\n",
      " [ 0.          0.70682518  0.70738827  2.        ]\n",
      " [ 0.          0.          0.          1.        ]]\n",
      "[[-0.64278761 -0.54189085  0.5414595   1.53208889]\n",
      " [ 0.76604444 -0.45470041  0.45433847  1.28557522]\n",
      " [ 0.          0.70682518  0.70738827  2.        ]\n",
      " [ 0.          0.          0.          1.        ]]\n",
      "[[-0.76604444 -0.45470041  0.45433847  1.28557522]\n",
      " [ 0.64278761 -0.54189085  0.5414595   1.53208889]\n",
      " [ 0.          0.70682518  0.70738827  2.        ]\n",
      " [ 0.          0.          0.          1.        ]]\n",
      "[[-0.76604444 -0.45470041  0.45433847  1.28557522]\n",
      " [ 0.64278761 -0.54189085  0.5414595   1.53208889]\n",
      " [ 0.          0.70682518  0.70738827  2.        ]\n",
      " [ 0.          0.          0.          1.        ]]\n",
      "[[-0.8660254  -0.35369413  0.35341259  1.        ]\n",
      " [ 0.5        -0.61261621  0.61212856  1.73205081]\n",
      " [ 0.          0.70682518  0.70738827  2.        ]\n",
      " [ 0.          0.          0.          1.        ]]\n",
      "[[-0.8660254  -0.35369413  0.35341259  1.        ]\n",
      " [ 0.5        -0.61261621  0.61212856  1.73205081]\n",
      " [ 0.          0.70682518  0.70738827  2.        ]\n",
      " [ 0.          0.          0.          1.        ]]\n",
      "[[-0.93969262 -0.24194104  0.24174845  0.68404029]\n",
      " [ 0.34202014 -0.66472754  0.66419841  1.87938524]\n",
      " [ 0.          0.70682518  0.70738827  2.        ]\n",
      " [ 0.          0.          0.          1.        ]]\n",
      "[[-0.93969262 -0.24194104  0.24174845  0.68404029]\n",
      " [ 0.34202014 -0.66472754  0.66419841  1.87938524]\n",
      " [ 0.          0.70682518  0.70738827  2.        ]\n",
      " [ 0.          0.          0.          1.        ]]\n",
      "[[-0.98480775 -0.12283668  0.1227389   0.34729636]\n",
      " [ 0.17364818 -0.69664145  0.69608692  1.96961551]\n",
      " [ 0.          0.70682518  0.70738827  2.        ]\n",
      " [ 0.          0.          0.          1.        ]]\n",
      "[[-0.98480775 -0.12283668  0.1227389   0.34729636]\n",
      " [ 0.17364818 -0.69664145  0.69608692  1.96961551]\n",
      " [ 0.          0.70682518  0.70738827  2.        ]\n",
      " [ 0.          0.          0.          1.        ]]\n",
      "[[-1.00000000e+00 -8.66300780e-17  8.65611196e-17  2.44929360e-16]\n",
      " [ 1.22464680e-16 -7.07388269e-01  7.06825181e-01  2.00000000e+00]\n",
      " [ 0.00000000e+00  7.06825181e-01  7.07388269e-01  2.00000000e+00]\n",
      " [ 0.00000000e+00  0.00000000e+00  0.00000000e+00  1.00000000e+00]]\n",
      "[[-1.00000000e+00 -8.66300780e-17  8.65611196e-17  2.44929360e-16]\n",
      " [ 1.22464680e-16 -7.07388269e-01  7.06825181e-01  2.00000000e+00]\n",
      " [ 0.00000000e+00  7.06825181e-01  7.07388269e-01  2.00000000e+00]\n",
      " [ 0.00000000e+00  0.00000000e+00  0.00000000e+00  1.00000000e+00]]\n",
      "[[-0.98480775  0.12283668 -0.1227389  -0.34729636]\n",
      " [-0.17364818 -0.69664145  0.69608692  1.96961551]\n",
      " [ 0.          0.70682518  0.70738827  2.        ]\n",
      " [ 0.          0.          0.          1.        ]]\n",
      "[[-0.98480775  0.12283668 -0.1227389  -0.34729636]\n",
      " [-0.17364818 -0.69664145  0.69608692  1.96961551]\n",
      " [ 0.          0.70682518  0.70738827  2.        ]\n",
      " [ 0.          0.          0.          1.        ]]\n",
      "[[-0.93969262  0.24194104 -0.24174845 -0.68404029]\n",
      " [-0.34202014 -0.66472754  0.66419841  1.87938524]\n",
      " [ 0.          0.70682518  0.70738827  2.        ]\n",
      " [ 0.          0.          0.          1.        ]]\n",
      "[[-0.93969262  0.24194104 -0.24174845 -0.68404029]\n",
      " [-0.34202014 -0.66472754  0.66419841  1.87938524]\n",
      " [ 0.          0.70682518  0.70738827  2.        ]\n",
      " [ 0.          0.          0.          1.        ]]\n",
      "[[-0.8660254   0.35369413 -0.35341259 -1.        ]\n",
      " [-0.5        -0.61261621  0.61212856  1.73205081]\n",
      " [ 0.          0.70682518  0.70738827  2.        ]\n",
      " [ 0.          0.          0.          1.        ]]\n",
      "[[-0.8660254   0.35369413 -0.35341259 -1.        ]\n",
      " [-0.5        -0.61261621  0.61212856  1.73205081]\n",
      " [ 0.          0.70682518  0.70738827  2.        ]\n",
      " [ 0.          0.          0.          1.        ]]\n",
      "[[-0.76604444  0.45470041 -0.45433847 -1.28557522]\n",
      " [-0.64278761 -0.54189085  0.5414595   1.53208889]\n",
      " [ 0.          0.70682518  0.70738827  2.        ]\n",
      " [ 0.          0.          0.          1.        ]]\n",
      "[[-0.76604444  0.45470041 -0.45433847 -1.28557522]\n",
      " [-0.64278761 -0.54189085  0.5414595   1.53208889]\n",
      " [ 0.          0.70682518  0.70738827  2.        ]\n",
      " [ 0.          0.          0.          1.        ]]\n",
      "[[-0.64278761  0.54189085 -0.5414595  -1.53208889]\n",
      " [-0.76604444 -0.45470041  0.45433847  1.28557522]\n",
      " [ 0.          0.70682518  0.70738827  2.        ]\n",
      " [ 0.          0.          0.          1.        ]]\n",
      "[[-0.64278761  0.54189085 -0.5414595  -1.53208889]\n",
      " [-0.76604444 -0.45470041  0.45433847  1.28557522]\n",
      " [ 0.          0.70682518  0.70738827  2.        ]\n",
      " [ 0.          0.          0.          1.        ]]\n",
      "[[-0.5         0.61261621 -0.61212856 -1.73205081]\n",
      " [-0.8660254  -0.35369413  0.35341259  1.        ]\n",
      " [ 0.          0.70682518  0.70738827  2.        ]\n",
      " [ 0.          0.          0.          1.        ]]\n",
      "[[-0.5         0.61261621 -0.61212856 -1.73205081]\n",
      " [-0.8660254  -0.35369413  0.35341259  1.        ]\n",
      " [ 0.          0.70682518  0.70738827  2.        ]\n",
      " [ 0.          0.          0.          1.        ]]\n",
      "[[-0.34202014  0.66472754 -0.66419841 -1.87938524]\n",
      " [-0.93969262 -0.24194104  0.24174845  0.68404029]\n",
      " [ 0.          0.70682518  0.70738827  2.        ]\n",
      " [ 0.          0.          0.          1.        ]]\n",
      "[[-0.34202014  0.66472754 -0.66419841 -1.87938524]\n",
      " [-0.93969262 -0.24194104  0.24174845  0.68404029]\n",
      " [ 0.          0.70682518  0.70738827  2.        ]\n",
      " [ 0.          0.          0.          1.        ]]\n",
      "[[-0.17364818  0.69664145 -0.69608692 -1.96961551]\n",
      " [-0.98480775 -0.12283668  0.1227389   0.34729636]\n",
      " [ 0.          0.70682518  0.70738827  2.        ]\n",
      " [ 0.          0.          0.          1.        ]]\n",
      "[[-0.17364818  0.69664145 -0.69608692 -1.96961551]\n",
      " [-0.98480775 -0.12283668  0.1227389   0.34729636]\n",
      " [ 0.          0.70682518  0.70738827  2.        ]\n",
      " [ 0.          0.          0.          1.        ]]\n",
      "[[-2.22044605e-16  7.07388269e-01 -7.06825181e-01 -2.00000000e+00]\n",
      " [-1.00000000e+00 -1.57071749e-16  1.56946718e-16  4.44089210e-16]\n",
      " [ 0.00000000e+00  7.06825181e-01  7.07388269e-01  2.00000000e+00]\n",
      " [ 0.00000000e+00  0.00000000e+00  0.00000000e+00  1.00000000e+00]]\n",
      "[[-2.22044605e-16  7.07388269e-01 -7.06825181e-01 -2.00000000e+00]\n",
      " [-1.00000000e+00 -1.57071749e-16  1.56946718e-16  4.44089210e-16]\n",
      " [ 0.00000000e+00  7.06825181e-01  7.07388269e-01  2.00000000e+00]\n",
      " [ 0.00000000e+00  0.00000000e+00  0.00000000e+00  1.00000000e+00]]\n",
      "[[ 0.17364818  0.69664145 -0.69608692 -1.96961551]\n",
      " [-0.98480775  0.12283668 -0.1227389  -0.34729636]\n",
      " [ 0.          0.70682518  0.70738827  2.        ]\n",
      " [ 0.          0.          0.          1.        ]]\n",
      "[[ 0.17364818  0.69664145 -0.69608692 -1.96961551]\n",
      " [-0.98480775  0.12283668 -0.1227389  -0.34729636]\n",
      " [ 0.          0.70682518  0.70738827  2.        ]\n",
      " [ 0.          0.          0.          1.        ]]\n",
      "[[ 0.34202014  0.66472754 -0.66419841 -1.87938524]\n",
      " [-0.93969262  0.24194104 -0.24174845 -0.68404029]\n",
      " [ 0.          0.70682518  0.70738827  2.        ]\n",
      " [ 0.          0.          0.          1.        ]]\n",
      "[[ 0.34202014  0.66472754 -0.66419841 -1.87938524]\n",
      " [-0.93969262  0.24194104 -0.24174845 -0.68404029]\n",
      " [ 0.          0.70682518  0.70738827  2.        ]\n",
      " [ 0.          0.          0.          1.        ]]\n",
      "[[ 0.5         0.61261621 -0.61212856 -1.73205081]\n",
      " [-0.8660254   0.35369413 -0.35341259 -1.        ]\n",
      " [ 0.          0.70682518  0.70738827  2.        ]\n",
      " [ 0.          0.          0.          1.        ]]\n",
      "[[ 0.5         0.61261621 -0.61212856 -1.73205081]\n",
      " [-0.8660254   0.35369413 -0.35341259 -1.        ]\n",
      " [ 0.          0.70682518  0.70738827  2.        ]\n",
      " [ 0.          0.          0.          1.        ]]\n",
      "[[ 0.64278761  0.54189085 -0.5414595  -1.53208889]\n",
      " [-0.76604444  0.45470041 -0.45433847 -1.28557522]\n",
      " [ 0.          0.70682518  0.70738827  2.        ]\n",
      " [ 0.          0.          0.          1.        ]]\n",
      "[[ 0.64278761  0.54189085 -0.5414595  -1.53208889]\n",
      " [-0.76604444  0.45470041 -0.45433847 -1.28557522]\n",
      " [ 0.          0.70682518  0.70738827  2.        ]\n",
      " [ 0.          0.          0.          1.        ]]\n",
      "[[ 0.76604444  0.45470041 -0.45433847 -1.28557522]\n",
      " [-0.64278761  0.54189085 -0.5414595  -1.53208889]\n",
      " [ 0.          0.70682518  0.70738827  2.        ]\n",
      " [ 0.          0.          0.          1.        ]]\n",
      "[[ 0.76604444  0.45470041 -0.45433847 -1.28557522]\n",
      " [-0.64278761  0.54189085 -0.5414595  -1.53208889]\n",
      " [ 0.          0.70682518  0.70738827  2.        ]\n",
      " [ 0.          0.          0.          1.        ]]\n",
      "[[ 0.8660254   0.35369413 -0.35341259 -1.        ]\n",
      " [-0.5         0.61261621 -0.61212856 -1.73205081]\n",
      " [ 0.          0.70682518  0.70738827  2.        ]\n",
      " [ 0.          0.          0.          1.        ]]\n",
      "[[ 0.8660254   0.35369413 -0.35341259 -1.        ]\n",
      " [-0.5         0.61261621 -0.61212856 -1.73205081]\n",
      " [ 0.          0.70682518  0.70738827  2.        ]\n",
      " [ 0.          0.          0.          1.        ]]\n",
      "[[ 0.93969262  0.24194104 -0.24174845 -0.68404029]\n",
      " [-0.34202014  0.66472754 -0.66419841 -1.87938524]\n",
      " [ 0.          0.70682518  0.70738827  2.        ]\n",
      " [ 0.          0.          0.          1.        ]]\n",
      "[[ 0.93969262  0.24194104 -0.24174845 -0.68404029]\n",
      " [-0.34202014  0.66472754 -0.66419841 -1.87938524]\n",
      " [ 0.          0.70682518  0.70738827  2.        ]\n",
      " [ 0.          0.          0.          1.        ]]\n",
      "[[ 0.98480775  0.12283668 -0.1227389  -0.34729636]\n",
      " [-0.17364818  0.69664145 -0.69608692 -1.96961551]\n",
      " [ 0.          0.70682518  0.70738827  2.        ]\n",
      " [ 0.          0.          0.          1.        ]]\n",
      "[[ 0.98480775  0.12283668 -0.1227389  -0.34729636]\n",
      " [-0.17364818  0.69664145 -0.69608692 -1.96961551]\n",
      " [ 0.          0.70682518  0.70738827  2.        ]\n",
      " [ 0.          0.          0.          1.        ]]\n",
      "[[ 1.          0.          0.          0.        ]\n",
      " [ 0.          0.70738827 -0.70682518 -1.5       ]\n",
      " [ 0.          0.70682518  0.70738827  2.        ]\n",
      " [ 0.          0.          0.          1.        ]]\n",
      "[[ 1.          0.          0.          0.        ]\n",
      " [ 0.          0.70738827 -0.70682518 -1.5       ]\n",
      " [ 0.          0.70682518  0.70738827  2.        ]\n",
      " [ 0.          0.          0.          1.        ]]\n",
      "[[ 0.98480775 -0.12283668  0.1227389   0.26047227]\n",
      " [ 0.17364818  0.69664145 -0.69608692 -1.47721163]\n",
      " [ 0.          0.70682518  0.70738827  2.        ]\n",
      " [ 0.          0.          0.          1.        ]]\n",
      "[[ 0.98480775 -0.12283668  0.1227389   0.26047227]\n",
      " [ 0.17364818  0.69664145 -0.69608692 -1.47721163]\n",
      " [ 0.          0.70682518  0.70738827  2.        ]\n",
      " [ 0.          0.          0.          1.        ]]\n",
      "[[ 0.93969262 -0.24194104  0.24174845  0.51303021]\n",
