{
 "cells": [
  {
   "cell_type": "code",
   "execution_count": 16,
   "metadata": {},
   "outputs": [],
   "source": [
    "import os\n",
    "import json\n",
    "import numpy as np\n",
    "from scipy.spatial.transform import Rotation"
   ]
  },
  {
   "cell_type": "code",
   "execution_count": 17,
   "metadata": {},
   "outputs": [],
   "source": [
    "SAVE_PATH = os.path.join(os.getcwd(), '../data/one_spin')\n",
    "if not os.path.exists(SAVE_PATH):\n",
    "    os.makedirs(SAVE_PATH)\n",
    "if not os.path.exists(os.path.join(SAVE_PATH, 'images')):\n",
    "    os.makedirs(os.path.join(SAVE_PATH, 'images'))"
   ]
  },
  {
   "cell_type": "code",
   "execution_count": 18,
   "metadata": {},
   "outputs": [],
   "source": [
    "transforms = {}\n",
    "transforms[\"fl_x\"] = 762.72 # focal length in x\n",
    "transforms[\"fl_y\"] = 762.72# focal length in y\n",
    "transforms[\"w\"] = 1280 # image width\n",
    "transforms[\"h\"] = 720 # image height\n",
    "transforms[\"cx\"] = transforms[\"w\"]//2 # optical center in x\n",
    "transforms[\"cy\"] = transforms[\"h\"]//2 # optical center in y\n",
    "transforms[\"k1\"] = 0\n",
    "transforms[\"k2\"] = 0\n",
    "transforms[\"k3\"] = 0\n",
    "transforms[\"p1\"] = 0\n",
    "transforms[\"p2\"] = 0\n",
    "transforms[\"camera_model\"] = \"OPENCV\" # camera model"
   ]
  },
  {
   "cell_type": "code",
   "execution_count": 19,
   "metadata": {},
   "outputs": [
    {
     "name": "stdout",
     "output_type": "stream",
     "text": [
      "[[1.0, 0.0, 0.0, 15.0], [0.0, 0.7648421872844885, -0.644217687237691, -12.88435374475382], [0.0, 0.644217687237691, 0.7648421872844885, 15.29684374568977], [0.0, 0.0, 0.0, 1.0]]\n",
      "[[0.9510565162951536, -0.23634923388581328, 0.19907421343337123, 18.24733201309473], [0.30901699437494745, 0.7274081461543511, -0.6126874293599993, -7.618493671575774], [0.0, 0.644217687237691, 0.7648421872844885, 15.29684374568977], [0.0, 0.0, 0.0, 1.0]]\n",
      "[[0.8090169943749473, -0.44956295801693996, 0.3786616558242797, 19.708488032109805], [0.587785252292473, 0.6187703275280575, -0.5211830570522167, -1.606882356657238], [0.0, 0.6442176872376909, 0.7648421872844884, 15.296843745689769], [0.0, 0.0, 0.0, 1.0]]\n",
      "[[0.5877852522924732, -0.6187703275280575, 0.5211830570522167, 19.24043992543143], [0.8090169943749473, 0.44956295801694013, -0.37866165582427985, 4.5620217991386145], [0.0, 0.644217687237691, 0.7648421872844885, 15.29684374568977], [0.0, 0.0, 0.0, 1.0]]\n",
      "[[0.30901699437494745, -0.7274081461543511, 0.6126874293599993, 16.8890035028242], [0.9510565162951536, 0.23634923388581328, -0.19907421343337123, 10.28436347575988], [0.0, 0.644217687237691, 0.7648421872844885, 15.29684374568977], [0.0, 0.0, 0.0, 1.0]]\n",
      "[[2.220446049250313e-16, -0.7648421872844885, 0.644217687237691, 12.884353744753824], [1.0, 1.6982908130558105e-16, -1.4304506184841049e-16, 14.999999999999996], [0.0, 0.644217687237691, 0.7648421872844885, 15.29684374568977], [0.0, 0.0, 0.0, 1.0]]\n",
      "[[-0.30901699437494745, -0.7274081461543511, 0.6126874293599993, 7.618493671575774], [0.9510565162951536, -0.23634923388581328, 0.19907421343337123, 18.24733201309473], [0.0, 0.644217687237691, 0.7648421872844885, 15.29684374568977], [0.0, 0.0, 0.0, 1.0]]\n",
      "[[-0.587785252292473, -0.6187703275280575, 0.5211830570522167, 1.606882356657238], [0.8090169943749473, -0.44956295801693996, 0.3786616558242797, 19.708488032109805], [0.0, 0.6442176872376909, 0.7648421872844884, 15.296843745689769], [0.0, 0.0, 0.0, 1.0]]\n",
      "[[-0.8090169943749476, -0.44956295801694013, 0.37866165582427985, -4.562021799138616], [0.5877852522924732, -0.6187703275280576, 0.5211830570522168, 19.240439925431435], [0.0, 0.6442176872376911, 0.7648421872844887, 15.296843745689774], [0.0, 0.0, 0.0, 1.0]]\n",
      "[[-0.9510565162951536, -0.23634923388581336, 0.19907421343337128, -10.284363475759879], [0.30901699437494756, -0.7274081461543511, 0.6126874293599993, 16.8890035028242], [0.0, 0.644217687237691, 0.7648421872844885, 15.29684374568977], [0.0, 0.0, 0.0, 1.0]]\n",
      "[[-1.0, -9.366615365108093e-17, 7.88939128629749e-17, -14.999999999999998], [1.2246467991473532e-16, -0.7648421872844885, 0.644217687237691, 12.884353744753822], [0.0, 0.644217687237691, 0.7648421872844885, 15.29684374568977], [0.0, 0.0, 0.0, 1.0]]\n",
      "[[-0.9510565162951539, 0.23634923388581291, -0.1990742134333709, -18.247332013094727], [-0.30901699437494695, -0.7274081461543512, 0.6126874293599994, 7.618493671575783], [0.0, 0.6442176872376911, 0.7648421872844887, 15.296843745689774], [0.0, 0.0, 0.0, 1.0]]\n",
      "[[-0.8090169943749476, 0.44956295801693996, -0.3786616558242797, -19.708488032109805], [-0.587785252292473, -0.6187703275280576, 0.5211830570522168, 1.606882356657241], [0.0, 0.644217687237691, 0.7648421872844885, 15.29684374568977], [0.0, 0.0, 0.0, 1.0]]\n",
      "[[-0.5877852522924735, 0.6187703275280575, -0.5211830570522167, -19.240439925431435], [-0.8090169943749473, -0.4495629580169403, 0.37866165582427996, -4.562021799138611], [0.0, 0.6442176872376911, 0.7648421872844887, 15.296843745689774], [0.0, 0.0, 0.0, 1.0]]\n",
      "[[-0.30901699437494756, 0.7274081461543509, -0.6126874293599991, -16.889003502824195], [-0.9510565162951534, -0.23634923388581336, 0.19907421343337128, -10.284363475759875], [0.0, 0.6442176872376909, 0.7648421872844884, 15.296843745689769], [0.0, 0.0, 0.0, 1.0]]\n",
      "[[-2.220446049250313e-16, 0.7648421872844885, -0.644217687237691, -12.884353744753824], [-1.0, -1.6982908130558105e-16, 1.4304506184841049e-16, -14.999999999999996], [0.0, 0.644217687237691, 0.7648421872844885, 15.29684374568977], [0.0, 0.0, 0.0, 1.0]]\n",
      "[[0.3090169943749472, 0.7274081461543511, -0.6126874293599993, -7.618493671575778], [-0.9510565162951536, 0.23634923388581308, -0.19907421343337103, -18.247332013094727], [0.0, 0.644217687237691, 0.7648421872844885, 15.29684374568977], [0.0, 0.0, 0.0, 1.0]]\n",
      "[[0.587785252292473, 0.6187703275280575, -0.5211830570522167, -1.606882356657238], [-0.8090169943749473, 0.44956295801693996, -0.3786616558242797, -19.708488032109805], [0.0, 0.6442176872376909, 0.7648421872844884, 15.296843745689769], [0.0, 0.0, 0.0, 1.0]]\n",
      "[[0.8090169943749472, 0.44956295801694013, -0.37866165582427985, 4.562021799138613], [-0.5877852522924732, 0.6187703275280574, -0.5211830570522166, -19.24043992543143], [0.0, 0.644217687237691, 0.7648421872844885, 15.29684374568977], [0.0, 0.0, 0.0, 1.0]]\n",
      "[[0.9510565162951533, 0.23634923388581341, -0.19907421343337134, 10.284363475759873], [-0.3090169943749476, 0.7274081461543508, -0.6126874293599991, -16.889003502824195], [0.0, 0.6442176872376909, 0.7648421872844884, 15.296843745689769], [0.0, 0.0, 0.0, 1.0]]\n",
      "[[1.0, 0.0, 0.0, 20.0], [0.0, 0.7648421872844885, -0.644217687237691, -12.88435374475382], [0.0, 0.644217687237691, 0.7648421872844885, 15.29684374568977], [0.0, 0.0, 0.0, 1.0]]\n",
      "[[0.9510565162951536, -0.23634923388581328, 0.19907421343337123, 23.0026145945705], [0.30901699437494745, 0.7274081461543511, -0.6126874293599993, -6.073408699701036], [0.0, 0.644217687237691, 0.7648421872844885, 15.29684374568977], [0.0, 0.0, 0.0, 1.0]]\n",
      "[[0.8090169943749473, -0.44956295801693996, 0.3786616558242797, 23.75357300398454], [0.587785252292473, 0.6187703275280575, -0.5211830570522167, 1.332043904805127], [0.0, 0.6442176872376909, 0.7648421872844884, 15.296843745689769], [0.0, 0.0, 0.0, 1.0]]\n",
      "[[0.5877852522924732, -0.6187703275280575, 0.5211830570522167, 22.179366186893798], [0.8090169943749473, 0.44956295801694013, -0.37866165582427985, 8.607106771013349], [0.0, 0.644217687237691, 0.7648421872844885, 15.29684374568977], [0.0, 0.0, 0.0, 1.0]]\n",
      "[[0.30901699437494745, -0.7274081461543511, 0.6126874293599993, 18.434088474698935], [0.9510565162951536, 0.23634923388581328, -0.19907421343337123, 15.039646057235649], [0.0, 0.644217687237691, 0.7648421872844885, 15.29684374568977], [0.0, 0.0, 0.0, 1.0]]\n",
      "[[2.220446049250313e-16, -0.7648421872844885, 0.644217687237691, 12.884353744753824], [1.0, 1.6982908130558105e-16, -1.4304506184841049e-16, 19.999999999999996], [0.0, 0.644217687237691, 0.7648421872844885, 15.29684374568977], [0.0, 0.0, 0.0, 1.0]]\n",
      "[[-0.30901699437494745, -0.7274081461543511, 0.6126874293599993, 6.073408699701036], [0.9510565162951536, -0.23634923388581328, 0.19907421343337123, 23.0026145945705], [0.0, 0.644217687237691, 0.7648421872844885, 15.29684374568977], [0.0, 0.0, 0.0, 1.0]]\n",
      "[[-0.587785252292473, -0.6187703275280575, 0.5211830570522167, -1.332043904805127], [0.8090169943749473, -0.44956295801693996, 0.3786616558242797, 23.75357300398454], [0.0, 0.6442176872376909, 0.7648421872844884, 15.296843745689769], [0.0, 0.0, 0.0, 1.0]]\n",
      "[[-0.8090169943749476, -0.44956295801694013, 0.37866165582427985, -8.607106771013356], [0.5877852522924732, -0.6187703275280576, 0.5211830570522168, 22.1793661868938], [0.0, 0.6442176872376911, 0.7648421872844887, 15.296843745689774], [0.0, 0.0, 0.0, 1.0]]\n",
      "[[-0.9510565162951536, -0.23634923388581336, 0.19907421343337128, -15.039646057235647], [0.30901699437494756, -0.7274081461543511, 0.6126874293599993, 18.434088474698935], [0.0, 0.644217687237691, 0.7648421872844885, 15.29684374568977], [0.0, 0.0, 0.0, 1.0]]\n",
      "[[-1.0, -9.366615365108093e-17, 7.88939128629749e-17, -20.0], [1.2246467991473532e-16, -0.7648421872844885, 0.644217687237691, 12.884353744753822], [0.0, 0.644217687237691, 0.7648421872844885, 15.29684374568977], [0.0, 0.0, 0.0, 1.0]]\n",
      "[[-0.9510565162951539, 0.23634923388581291, -0.1990742134333709, -23.002614594570495], [-0.30901699437494695, -0.7274081461543512, 0.6126874293599994, 6.073408699701049], [0.0, 0.6442176872376911, 0.7648421872844887, 15.296843745689774], [0.0, 0.0, 0.0, 1.0]]\n",
      "[[-0.8090169943749476, 0.44956295801693996, -0.3786616558242797, -23.753573003984545], [-0.587785252292473, -0.6187703275280576, 0.5211830570522168, -1.332043904805124], [0.0, 0.644217687237691, 0.7648421872844885, 15.29684374568977], [0.0, 0.0, 0.0, 1.0]]\n",
      "[[-0.5877852522924735, 0.6187703275280575, -0.5211830570522167, -22.1793661868938], [-0.8090169943749473, -0.4495629580169403, 0.37866165582427996, -8.607106771013346], [0.0, 0.6442176872376911, 0.7648421872844887, 15.296843745689774], [0.0, 0.0, 0.0, 1.0]]\n",
      "[[-0.30901699437494756, 0.7274081461543509, -0.6126874293599991, -18.43408847469893], [-0.9510565162951534, -0.23634923388581336, 0.19907421343337128, -15.039646057235643], [0.0, 0.6442176872376909, 0.7648421872844884, 15.296843745689769], [0.0, 0.0, 0.0, 1.0]]\n",
      "[[-2.220446049250313e-16, 0.7648421872844885, -0.644217687237691, -12.884353744753824], [-1.0, -1.6982908130558105e-16, 1.4304506184841049e-16, -19.999999999999996], [0.0, 0.644217687237691, 0.7648421872844885, 15.29684374568977], [0.0, 0.0, 0.0, 1.0]]\n",
      "[[0.3090169943749472, 0.7274081461543511, -0.6126874293599993, -6.073408699701042], [-0.9510565162951536, 0.23634923388581308, -0.19907421343337103, -23.002614594570495], [0.0, 0.644217687237691, 0.7648421872844885, 15.29684374568977], [0.0, 0.0, 0.0, 1.0]]\n",
      "[[0.587785252292473, 0.6187703275280575, -0.5211830570522167, 1.332043904805127], [-0.8090169943749473, 0.44956295801693996, -0.3786616558242797, -23.75357300398454], [0.0, 0.6442176872376909, 0.7648421872844884, 15.296843745689769], [0.0, 0.0, 0.0, 1.0]]\n",
      "[[0.8090169943749472, 0.44956295801694013, -0.37866165582427985, 8.607106771013349], [-0.5877852522924732, 0.6187703275280574, -0.5211830570522166, -22.179366186893798], [0.0, 0.644217687237691, 0.7648421872844885, 15.29684374568977], [0.0, 0.0, 0.0, 1.0]]\n",
      "[[0.9510565162951533, 0.23634923388581341, -0.19907421343337134, 15.03964605723564], [-0.3090169943749476, 0.7274081461543508, -0.6126874293599991, -18.434088474698935], [0.0, 0.6442176872376909, 0.7648421872844884, 15.296843745689769], [0.0, 0.0, 0.0, 1.0]]\n",
      "[[1.0, 0.0, 0.0, 20.0], [0.0, 0.7648421872844885, -0.644217687237691, -9.060142808331378], [0.0, 0.644217687237691, 0.7648421872844885, 18.517932181878226], [0.0, 0.0, 0.0, 1.0]]\n",
      "[[0.9510565162951536, -0.23634923388581328, 0.19907421343337123, 21.82086842514143], [0.30901699437494745, 0.7274081461543511, -0.6126874293599993, -2.436367968929281], [0.0, 0.644217687237691, 0.7648421872844885, 18.517932181878226], [0.0, 0.0, 0.0, 1.0]]\n",
      "[[0.8090169943749473, -0.44956295801693996, 0.3786616558242797, 21.50575821389984], [0.587785252292473, 0.6187703275280575, -0.5211830570522167, 4.4258955424454145], [0.0, 0.6442176872376909, 0.7648421872844884, 18.517932181878223], [0.0, 0.0, 0.0, 1.0]]\n",
      "[[0.5877852522924732, -0.6187703275280575, 0.5211830570522167, 19.08551454925351], [0.8090169943749473, 0.44956295801694013, -0.37866165582427985, 10.854921561098049], [0.0, 0.644217687237691, 0.7648421872844885, 18.517932181878226], [0.0, 0.0, 0.0, 1.0]]\n",
      "[[0.30901699437494745, -0.7274081461543511, 0.6126874293599993, 14.797047743927179], [0.9510565162951536, 0.23634923388581328, -0.19907421343337123, 16.221392226664715], [0.0, 0.644217687237691, 0.7648421872844885, 18.517932181878226], [0.0, 0.0, 0.0, 1.0]]\n",
      "[[2.220446049250313e-16, -0.7648421872844885, 0.644217687237691, 9.060142808331381], [1.0, 1.6982908130558105e-16, -1.4304506184841049e-16, 19.999999999999996], [0.0, 0.644217687237691, 0.7648421872844885, 18.517932181878226], [0.0, 0.0, 0.0, 1.0]]\n",
      "[[-0.30901699437494745, -0.7274081461543511, 0.6126874293599993, 2.436367968929281], [0.9510565162951536, -0.23634923388581328, 0.19907421343337123, 21.82086842514143], [0.0, 0.644217687237691, 0.7648421872844885, 18.517932181878226], [0.0, 0.0, 0.0, 1.0]]\n",
      "[[-0.587785252292473, -0.6187703275280575, 0.5211830570522167, -4.4258955424454145], [0.8090169943749473, -0.44956295801693996, 0.3786616558242797, 21.50575821389984], [0.0, 0.6442176872376909, 0.7648421872844884, 18.517932181878223], [0.0, 0.0, 0.0, 1.0]]\n",
      "[[-0.8090169943749476, -0.44956295801694013, 0.37866165582427985, -10.854921561098056], [0.5877852522924732, -0.6187703275280576, 0.5211830570522168, 19.085514549253514], [0.0, 0.6442176872376911, 0.7648421872844887, 18.51793218187823], [0.0, 0.0, 0.0, 1.0]]\n",
      "[[-0.9510565162951536, -0.23634923388581336, 0.19907421343337128, -16.221392226664715], [0.30901699437494756, -0.7274081461543511, 0.6126874293599993, 14.79704774392718], [0.0, 0.644217687237691, 0.7648421872844885, 18.517932181878226], [0.0, 0.0, 0.0, 1.0]]\n",
      "[[-1.0, -9.366615365108093e-17, 7.88939128629749e-17, -20.0], [1.2246467991473532e-16, -0.7648421872844885, 0.644217687237691, 9.06014280833138], [0.0, 0.644217687237691, 0.7648421872844885, 18.517932181878226], [0.0, 0.0, 0.0, 1.0]]\n",
      "[[-0.9510565162951539, 0.23634923388581291, -0.1990742134333709, -21.82086842514143], [-0.30901699437494695, -0.7274081461543512, 0.6126874293599994, 2.436367968929293], [0.0, 0.6442176872376911, 0.7648421872844887, 18.51793218187823], [0.0, 0.0, 0.0, 1.0]]\n",
      "[[-0.8090169943749476, 0.44956295801693996, -0.3786616558242797, -21.505758213899846], [-0.587785252292473, -0.6187703275280576, 0.5211830570522168, -4.425895542445412], [0.0, 0.644217687237691, 0.7648421872844885, 18.517932181878226], [0.0, 0.0, 0.0, 1.0]]\n",
      "[[-0.5877852522924735, 0.6187703275280575, -0.5211830570522167, -19.085514549253514], [-0.8090169943749473, -0.4495629580169403, 0.37866165582427996, -10.854921561098047], [0.0, 0.6442176872376911, 0.7648421872844887, 18.51793218187823], [0.0, 0.0, 0.0, 1.0]]\n",
      "[[-0.30901699437494756, 0.7274081461543509, -0.6126874293599991, -14.797047743927179], [-0.9510565162951534, -0.23634923388581336, 0.19907421343337128, -16.22139222666471], [0.0, 0.6442176872376909, 0.7648421872844884, 18.517932181878223], [0.0, 0.0, 0.0, 1.0]]\n",
      "[[-2.220446049250313e-16, 0.7648421872844885, -0.644217687237691, -9.060142808331381], [-1.0, -1.6982908130558105e-16, 1.4304506184841049e-16, -19.999999999999996], [0.0, 0.644217687237691, 0.7648421872844885, 18.517932181878226], [0.0, 0.0, 0.0, 1.0]]\n",
      "[[0.3090169943749472, 0.7274081461543511, -0.6126874293599993, -2.4363679689292863], [-0.9510565162951536, 0.23634923388581308, -0.19907421343337103, -21.820868425141427], [0.0, 0.644217687237691, 0.7648421872844885, 18.517932181878226], [0.0, 0.0, 0.0, 1.0]]\n",
      "[[0.587785252292473, 0.6187703275280575, -0.5211830570522167, 4.4258955424454145], [-0.8090169943749473, 0.44956295801693996, -0.3786616558242797, -21.50575821389984], [0.0, 0.6442176872376909, 0.7648421872844884, 18.517932181878223], [0.0, 0.0, 0.0, 1.0]]\n",
      "[[0.8090169943749472, 0.44956295801694013, -0.37866165582427985, 10.854921561098049], [-0.5877852522924732, 0.6187703275280574, -0.5211830570522166, -19.08551454925351], [0.0, 0.644217687237691, 0.7648421872844885, 18.517932181878226], [0.0, 0.0, 0.0, 1.0]]\n",
      "[[0.9510565162951533, 0.23634923388581341, -0.19907421343337134, 16.221392226664705], [-0.3090169943749476, 0.7274081461543508, -0.6126874293599991, -14.79704774392718], [0.0, 0.6442176872376909, 0.7648421872844884, 18.517932181878223], [0.0, 0.0, 0.0, 1.0]]\n"
     ]
    }
   ],
   "source": [
    "frames = []\n",
    "\n",
    "starting_pts = [[15, 0]]\n",
    "z = 20\n",
    "pitch = 0.7\n",
    "spin = 20\n",
    "\n",
    "cnt = 0\n",
    "\n",
    "for x, y in starting_pts:\n",
    "    start_transform_matrix = np.eye(4)\n",
    "    start_transform_matrix[0, 3] = x\n",
    "    start_transform_matrix[1, 3] = y\n",
    "    start_transform_matrix[2, 3] = z\n",
    "\n",
    "    #Pitch down cammera\n",
    "    pitch_matrix = np.eye(4)\n",
    "    pitch_matrix[1, 1] = np.cos(pitch)\n",
    "    pitch_matrix[1, 2] = -np.sin(pitch)\n",
    "    pitch_matrix[2, 1] = np.sin(pitch)\n",
    "    pitch_matrix[2, 2] = np.cos(pitch)\n",
    "\n",
    "    start_transform_matrix = np.matmul(pitch_matrix, start_transform_matrix)\n",
    "\n",
    "    for i in range(spin):\n",
    "        angle = i * 2 * np.pi / spin\n",
    "        rot = Rotation.from_rotvec(np.array([0, 0, 1]) * angle).as_matrix()\n",
    "        rot_matrix = np.eye(4)\n",
    "        rot_matrix[:3, :3] = rot\n",
    "        transform_matrix = np.matmul(rot_matrix, start_transform_matrix)\n",
    "\n",
    "        frame = {}\n",
    "        file_path = \"images/{}.png\".format(cnt)\n",
    "\n",
    "        frame[\"file_path\"] = file_path\n",
    "        frame[\"transform_matrix\"] = transform_matrix.tolist()\n",
    "        print(transform_matrix.tolist())\n",
    "\n",
    "        frames.append(frame)\n",
    "\n",
    "        cnt += 1\n",
    "\n",
    "\n",
    "transforms[\"frames\"] = frames"
   ]
  },
  {
   "cell_type": "code",
   "execution_count": 20,
   "metadata": {},
   "outputs": [],
   "source": [
    "#Save transforms\n",
    "with open(os.path.join(SAVE_PATH,'transforms.json'), 'w') as outfile:\n",
    "    json.dump(transforms, outfile)"
   ]
  }
 ],
 "metadata": {
  "kernelspec": {
   "display_name": "Python 3",
   "language": "python",
   "name": "python3"
  },
  "language_info": {
   "codemirror_mode": {
    "name": "ipython",
    "version": 3
   },
   "file_extension": ".py",
   "mimetype": "text/x-python",
   "name": "python",
   "nbconvert_exporter": "python",
   "pygments_lexer": "ipython3",
   "version": "3.8.10"
  }
 },
 "nbformat": 4,
 "nbformat_minor": 2
}
