{
 "cells": [
  {
   "cell_type": "code",
   "execution_count": 9,
   "metadata": {},
   "outputs": [],
   "source": [
    "import json\n",
    "import os"
   ]
  },
  {
   "cell_type": "code",
   "execution_count": 10,
   "metadata": {},
   "outputs": [],
   "source": [
    "FILE_PATH = \"../../data/jackal_irl_one_spin\"\n",
    "with open(os.path.join(FILE_PATH, \"transforms.json\"), \"r\") as f:\n",
    "    data = json.load(f)"
   ]
  },
  {
   "cell_type": "code",
   "execution_count": 11,
   "metadata": {},
   "outputs": [
    {
     "name": "stdout",
     "output_type": "stream",
     "text": [
      "{'file_path': 'images/0.png', 'transform_matrix': [[0.871743250061576, 0.33310636090871326, -0.3593102535333985, -1.5590494636744023], [-0.4894834370576362, 0.6245205167954374, -0.6085886040239361, -2.3829222778838326], [0.02167189004965052, 0.7064094254918419, 0.7074715914847479, 2.5], [0.0, 0.0, 0.0, 1.0]], 'mask_path': 'masks/0.png'}\n",
      "{'file_path': 'images/1.png', 'transform_matrix': [[0.871743250061576, 0.33310636090871326, -0.3593102535333985, -1.5590494636744023], [-0.4894834370576362, 0.6245205167954374, -0.6085886040239361, -2.3829222778838326], [0.02167189004965052, 0.7064094254918419, 0.7074715914847479, 2.5], [0.0, 0.0, 0.0, 1.0]], 'mask_path': 'masks/1.png'}\n",
      "{'file_path': 'images/2.png', 'transform_matrix': [[0.871743250061576, 0.33310636090871326, -0.3593102535333985, -1.5590494636744023], [-0.4894834370576362, 0.6245205167954374, -0.6085886040239361, -2.3829222778838326], [0.02167189004965052, 0.7064094254918419, 0.7074715914847479, 2.5], [0.0, 0.0, 0.0, 1.0]], 'mask_path': 'masks/2.png'}\n",
      "{'file_path': 'images/3.png', 'transform_matrix': [[0.871743250061576, 0.33310636090871326, -0.3593102535333985, -1.5590494636744023], [-0.4894834370576362, 0.6245205167954374, -0.6085886040239361, -2.3829222778838326], [0.02167189004965052, 0.7064094254918419, 0.7074715914847479, 2.5], [0.0, 0.0, 0.0, 1.0]], 'mask_path': 'masks/3.png'}\n",
      "{'file_path': 'images/4.png', 'transform_matrix': [[0.871743250061576, 0.33310636090871326, -0.3593102535333985, -1.5590494636744023], [-0.4894834370576362, 0.6245205167954374, -0.6085886040239361, -2.3829222778838326], [0.02167189004965052, 0.7064094254918419, 0.7074715914847479, 2.5], [0.0, 0.0, 0.0, 1.0]], 'mask_path': 'masks/4.png'}\n",
      "{'file_path': 'images/5.png', 'transform_matrix': [[0.871743250061576, 0.33310636090871326, -0.3593102535333985, -1.5590494636744023], [-0.4894834370576362, 0.6245205167954374, -0.6085886040239361, -2.3829222778838326], [0.02167189004965052, 0.7064094254918419, 0.7074715914847479, 2.5], [0.0, 0.0, 0.0, 1.0]], 'mask_path': 'masks/5.png'}\n",
      "{'file_path': 'images/6.png', 'transform_matrix': [[0.871743250061576, 0.33310636090871326, -0.3593102535333985, -1.5590494636744023], [-0.4894834370576362, 0.6245205167954374, -0.6085886040239361, -2.3829222778838326], [0.02167189004965052, 0.7064094254918419, 0.7074715914847479, 2.5], [0.0, 0.0, 0.0, 1.0]], 'mask_path': 'masks/6.png'}\n",
      "{'file_path': 'images/7.png', 'transform_matrix': [[0.871743250061576, 0.33310636090871326, -0.3593102535333985, -1.5590494636744023], [-0.4894834370576362, 0.6245205167954374, -0.6085886040239361, -2.3829222778838326], [0.02167189004965052, 0.7064094254918419, 0.7074715914847479, 2.5], [0.0, 0.0, 0.0, 1.0]], 'mask_path': 'masks/7.png'}\n",
      "{'file_path': 'images/8.png', 'transform_matrix': [[0.871743250061576, 0.33310636090871326, -0.3593102535333985, -1.5590494636744023], [-0.4894834370576362, 0.6245205167954374, -0.6085886040239361, -2.3829222778838326], [0.02167189004965052, 0.7064094254918419, 0.7074715914847479, 2.5], [0.0, 0.0, 0.0, 1.0]], 'mask_path': 'masks/8.png'}\n",
      "{'file_path': 'images/9.png', 'transform_matrix': [[0.871743250061576, 0.33310636090871326, -0.3593102535333985, -1.5590494636744023], [-0.4894834370576362, 0.6245205167954374, -0.6085886040239361, -2.3829222778838326], [0.02167189004965052, 0.7064094254918419, 0.7074715914847479, 2.5], [0.0, 0.0, 0.0, 1.0]], 'mask_path': 'masks/9.png'}\n",
      "{'file_path': 'images/10.png', 'transform_matrix': [[0.871743250061576, 0.33310636090871326, -0.3593102535333985, -1.5590494636744023], [-0.4894834370576362, 0.6245205167954374, -0.6085886040239361, -2.3829222778838326], [0.02167189004965052, 0.7064094254918419, 0.7074715914847479, 2.5], [0.0, 0.0, 0.0, 1.0]], 'mask_path': 'masks/10.png'}\n",
      "{'file_path': 'images/11.png', 'transform_matrix': [[0.871743250061576, 0.33310636090871326, -0.3593102535333985, -1.5590494636744023], [-0.4894834370576362, 0.6245205167954374, -0.6085886040239361, -2.3829222778838326], [0.02167189004965052, 0.7064094254918419, 0.7074715914847479, 2.5], [0.0, 0.0, 0.0, 1.0]], 'mask_path': 'masks/11.png'}\n",
      "{'file_path': 'images/12.png', 'transform_matrix': [[0.871743250061576, 0.33310636090871326, -0.3593102535333985, -1.5590494636744023], [-0.4894834370576362, 0.6245205167954374, -0.6085886040239361, -2.3829222778838326], [0.02167189004965052, 0.7064094254918419, 0.7074715914847479, 2.5], [0.0, 0.0, 0.0, 1.0]], 'mask_path': 'masks/12.png'}\n",
      "{'file_path': 'images/13.png', 'transform_matrix': [[0.871743250061576, 0.33310636090871326, -0.3593102535333985, -1.5590494636744023], [-0.4894834370576362, 0.6245205167954374, -0.6085886040239361, -2.3829222778838326], [0.02167189004965052, 0.7064094254918419, 0.7074715914847479, 2.5], [0.0, 0.0, 0.0, 1.0]], 'mask_path': 'masks/13.png'}\n",
      "{'file_path': 'images/14.png', 'transform_matrix': [[0.871743250061576, 0.33310636090871326, -0.3593102535333985, -1.5590494636744023], [-0.4894834370576362, 0.6245205167954374, -0.6085886040239361, -2.3829222778838326], [0.02167189004965052, 0.7064094254918419, 0.7074715914847479, 2.5], [0.0, 0.0, 0.0, 1.0]], 'mask_path': 'masks/14.png'}\n",
      "{'file_path': 'images/15.png', 'transform_matrix': [[0.871743250061576, 0.33310636090871326, -0.3593102535333985, -1.5590494636744023], [-0.4894834370576362, 0.6245205167954374, -0.6085886040239361, -2.3829222778838326], [0.02167189004965052, 0.7064094254918419, 0.7074715914847479, 2.5], [0.0, 0.0, 0.0, 1.0]], 'mask_path': 'masks/15.png'}\n",
      "{'file_path': 'images/16.png', 'transform_matrix': [[0.871743250061576, 0.33310636090871326, -0.3593102535333985, -1.5590494636744023], [-0.4894834370576362, 0.6245205167954374, -0.6085886040239361, -2.3829222778838326], [0.02167189004965052, 0.7064094254918419, 0.7074715914847479, 2.5], [0.0, 0.0, 0.0, 1.0]], 'mask_path': 'masks/16.png'}\n",
      "{'file_path': 'images/17.png', 'transform_matrix': [[0.871743250061576, 0.33310636090871326, -0.3593102535333985, -1.5590494636744023], [-0.4894834370576362, 0.6245205167954374, -0.6085886040239361, -2.3829222778838326], [0.02167189004965052, 0.7064094254918419, 0.7074715914847479, 2.5], [0.0, 0.0, 0.0, 1.0]], 'mask_path': 'masks/17.png'}\n",
      "{'file_path': 'images/18.png', 'transform_matrix': [[0.871743250061576, 0.33310636090871326, -0.3593102535333985, -1.5590494636744023], [-0.4894834370576362, 0.6245205167954374, -0.6085886040239361, -2.3829222778838326], [0.02167189004965052, 0.7064094254918419, 0.7074715914847479, 2.5], [0.0, 0.0, 0.0, 1.0]], 'mask_path': 'masks/18.png'}\n",
      "{'file_path': 'images/19.png', 'transform_matrix': [[0.871743250061576, 0.33310636090871326, -0.3593102535333985, -1.5590494636744023], [-0.4894834370576362, 0.6245205167954374, -0.6085886040239361, -2.3829222778838326], [0.02167189004965052, 0.7064094254918419, 0.7074715914847479, 2.5], [0.0, 0.0, 0.0, 1.0]], 'mask_path': 'masks/19.png'}\n",
      "{'file_path': 'images/20.png', 'transform_matrix': [[0.871743250061576, 0.33310636090871326, -0.3593102535333985, -1.5590494636744023], [-0.4894834370576362, 0.6245205167954374, -0.6085886040239361, -2.3829222778838326], [0.02167189004965052, 0.7064094254918419, 0.7074715914847479, 2.5], [0.0, 0.0, 0.0, 1.0]], 'mask_path': 'masks/20.png'}\n",
      "{'file_path': 'images/21.png', 'transform_matrix': [[0.871743250061576, 0.33310636090871326, -0.3593102535333985, -1.5590494636744023], [-0.4894834370576362, 0.6245205167954374, -0.6085886040239361, -2.3829222778838326], [0.02167189004965052, 0.7064094254918419, 0.7074715914847479, 2.5], [0.0, 0.0, 0.0, 1.0]], 'mask_path': 'masks/21.png'}\n",
      "{'file_path': 'images/22.png', 'transform_matrix': [[0.871743250061576, 0.33310636090871326, -0.3593102535333985, -1.5590494636744023], [-0.4894834370576362, 0.6245205167954374, -0.6085886040239361, -2.3829222778838326], [0.02167189004965052, 0.7064094254918419, 0.7074715914847479, 2.5], [0.0, 0.0, 0.0, 1.0]], 'mask_path': 'masks/22.png'}\n",
      "{'file_path': 'images/23.png', 'transform_matrix': [[0.871743250061576, 0.33310636090871326, -0.3593102535333985, -1.5590494636744023], [-0.4894834370576362, 0.6245205167954374, -0.6085886040239361, -2.3829222778838326], [0.02167189004965052, 0.7064094254918419, 0.7074715914847479, 2.5], [0.0, 0.0, 0.0, 1.0]], 'mask_path': 'masks/23.png'}\n",
      "{'file_path': 'images/24.png', 'transform_matrix': [[0.871743250061576, 0.33310636090871326, -0.3593102535333985, -1.5590494636744023], [-0.4894834370576362, 0.6245205167954374, -0.6085886040239361, -2.3829222778838326], [0.02167189004965052, 0.7064094254918419, 0.7074715914847479, 2.5], [0.0, 0.0, 0.0, 1.0]], 'mask_path': 'masks/24.png'}\n",
      "{'file_path': 'images/25.png', 'transform_matrix': [[0.871743250061576, 0.33310636090871326, -0.3593102535333985, -1.5590494636744023], [-0.4894834370576362, 0.6245205167954374, -0.6085886040239361, -2.3829222778838326], [0.02167189004965052, 0.7064094254918419, 0.7074715914847479, 2.5], [0.0, 0.0, 0.0, 1.0]], 'mask_path': 'masks/25.png'}\n",
      "{'file_path': 'images/26.png', 'transform_matrix': [[0.871743250061576, 0.33310636090871326, -0.3593102535333985, -1.5590494636744023], [-0.4894834370576362, 0.6245205167954374, -0.6085886040239361, -2.3829222778838326], [0.02167189004965052, 0.7064094254918419, 0.7074715914847479, 2.5], [0.0, 0.0, 0.0, 1.0]], 'mask_path': 'masks/26.png'}\n",
      "{'file_path': 'images/27.png', 'transform_matrix': [[0.871743250061576, 0.33310636090871326, -0.3593102535333985, -1.5590494636744023], [-0.4894834370576362, 0.6245205167954374, -0.6085886040239361, -2.3829222778838326], [0.02167189004965052, 0.7064094254918419, 0.7074715914847479, 2.5], [0.0, 0.0, 0.0, 1.0]], 'mask_path': 'masks/27.png'}\n",
      "{'file_path': 'images/28.png', 'transform_matrix': [[0.871743250061576, 0.33310636090871326, -0.3593102535333985, -1.5590494636744023], [-0.4894834370576362, 0.6245205167954374, -0.6085886040239361, -2.3829222778838326], [0.02167189004965052, 0.7064094254918419, 0.7074715914847479, 2.5], [0.0, 0.0, 0.0, 1.0]], 'mask_path': 'masks/28.png'}\n",
      "{'file_path': 'images/29.png', 'transform_matrix': [[0.871743250061576, 0.33310636090871326, -0.3593102535333985, -1.5590494636744023], [-0.4894834370576362, 0.6245205167954374, -0.6085886040239361, -2.3829222778838326], [0.02167189004965052, 0.7064094254918419, 0.7074715914847479, 2.5], [0.0, 0.0, 0.0, 1.0]], 'mask_path': 'masks/29.png'}\n",
      "{'file_path': 'images/30.png', 'transform_matrix': [[0.871743250061576, 0.33310636090871326, -0.3593102535333985, -1.5590494636744023], [-0.4894834370576362, 0.6245205167954374, -0.6085886040239361, -2.3829222778838326], [0.02167189004965052, 0.7064094254918419, 0.7074715914847479, 2.5], [0.0, 0.0, 0.0, 1.0]], 'mask_path': 'masks/30.png'}\n",
      "{'file_path': 'images/31.png', 'transform_matrix': [[0.871743250061576, 0.33310636090871326, -0.3593102535333985, -1.5590494636744023], [-0.4894834370576362, 0.6245205167954374, -0.6085886040239361, -2.3829222778838326], [0.02167189004965052, 0.7064094254918419, 0.7074715914847479, 2.5], [0.0, 0.0, 0.0, 1.0]], 'mask_path': 'masks/31.png'}\n",
      "{'file_path': 'images/32.png', 'transform_matrix': [[0.871743250061576, 0.33310636090871326, -0.3593102535333985, -1.5590494636744023], [-0.4894834370576362, 0.6245205167954374, -0.6085886040239361, -2.3829222778838326], [0.02167189004965052, 0.7064094254918419, 0.7074715914847479, 2.5], [0.0, 0.0, 0.0, 1.0]], 'mask_path': 'masks/32.png'}\n",
      "{'file_path': 'images/33.png', 'transform_matrix': [[0.871743250061576, 0.33310636090871326, -0.3593102535333985, -1.5590494636744023], [-0.4894834370576362, 0.6245205167954374, -0.6085886040239361, -2.3829222778838326], [0.02167189004965052, 0.7064094254918419, 0.7074715914847479, 2.5], [0.0, 0.0, 0.0, 1.0]], 'mask_path': 'masks/33.png'}\n",
      "{'file_path': 'images/34.png', 'transform_matrix': [[0.871743250061576, 0.33310636090871326, -0.3593102535333985, -1.5590494636744023], [-0.4894834370576362, 0.6245205167954374, -0.6085886040239361, -2.3829222778838326], [0.02167189004965052, 0.7064094254918419, 0.7074715914847479, 2.5], [0.0, 0.0, 0.0, 1.0]], 'mask_path': 'masks/34.png'}\n",
      "{'file_path': 'images/35.png', 'transform_matrix': [[0.871743250061576, 0.33310636090871326, -0.3593102535333985, -1.5590494636744023], [-0.4894834370576362, 0.6245205167954374, -0.6085886040239361, -2.3829222778838326], [0.02167189004965052, 0.7064094254918419, 0.7074715914847479, 2.5], [0.0, 0.0, 0.0, 1.0]], 'mask_path': 'masks/35.png'}\n",
      "{'file_path': 'images/36.png', 'transform_matrix': [[0.871743250061576, 0.33310636090871326, -0.3593102535333985, -1.5590494636744023], [-0.4894834370576362, 0.6245205167954374, -0.6085886040239361, -2.3829222778838326], [0.02167189004965052, 0.7064094254918419, 0.7074715914847479, 2.5], [0.0, 0.0, 0.0, 1.0]], 'mask_path': 'masks/36.png'}\n",
      "{'file_path': 'images/37.png', 'transform_matrix': [[0.871743250061576, 0.33310636090871326, -0.3593102535333985, -1.5590494636744023], [-0.4894834370576362, 0.6245205167954374, -0.6085886040239361, -2.3829222778838326], [0.02167189004965052, 0.7064094254918419, 0.7074715914847479, 2.5], [0.0, 0.0, 0.0, 1.0]], 'mask_path': 'masks/37.png'}\n",
      "{'file_path': 'images/38.png', 'transform_matrix': [[0.871743250061576, 0.33310636090871326, -0.3593102535333985, -1.5590494636744023], [-0.4894834370576362, 0.6245205167954374, -0.6085886040239361, -2.3829222778838326], [0.02167189004965052, 0.7064094254918419, 0.7074715914847479, 2.5], [0.0, 0.0, 0.0, 1.0]], 'mask_path': 'masks/38.png'}\n",
      "{'file_path': 'images/39.png', 'transform_matrix': [[0.871743250061576, 0.33310636090871326, -0.3593102535333985, -1.5590494636744023], [-0.4894834370576362, 0.6245205167954374, -0.6085886040239361, -2.3829222778838326], [0.02167189004965052, 0.7064094254918419, 0.7074715914847479, 2.5], [0.0, 0.0, 0.0, 1.0]], 'mask_path': 'masks/39.png'}\n",
      "{'file_path': 'images/40.png', 'transform_matrix': [[0.871743250061576, 0.33310636090871326, -0.3593102535333985, -1.5590494636744023], [-0.4894834370576362, 0.6245205167954374, -0.6085886040239361, -2.3829222778838326], [0.02167189004965052, 0.7064094254918419, 0.7074715914847479, 2.5], [0.0, 0.0, 0.0, 1.0]], 'mask_path': 'masks/40.png'}\n",
      "{'file_path': 'images/41.png', 'transform_matrix': [[0.871743250061576, 0.33310636090871326, -0.3593102535333985, -1.5590494636744023], [-0.4894834370576362, 0.6245205167954374, -0.6085886040239361, -2.3829222778838326], [0.02167189004965052, 0.7064094254918419, 0.7074715914847479, 2.5], [0.0, 0.0, 0.0, 1.0]], 'mask_path': 'masks/41.png'}\n",
      "{'file_path': 'images/42.png', 'transform_matrix': [[0.871743250061576, 0.33310636090871326, -0.3593102535333985, -1.5590494636744023], [-0.4894834370576362, 0.6245205167954374, -0.6085886040239361, -2.3829222778838326], [0.02167189004965052, 0.7064094254918419, 0.7074715914847479, 2.5], [0.0, 0.0, 0.0, 1.0]], 'mask_path': 'masks/42.png'}\n",
      "{'file_path': 'images/43.png', 'transform_matrix': [[0.871743250061576, 0.33310636090871326, -0.3593102535333985, -1.5590494636744023], [-0.4894834370576362, 0.6245205167954374, -0.6085886040239361, -2.3829222778838326], [0.02167189004965052, 0.7064094254918419, 0.7074715914847479, 2.5], [0.0, 0.0, 0.0, 1.0]], 'mask_path': 'masks/43.png'}\n",
      "{'file_path': 'images/44.png', 'transform_matrix': [[0.871743250061576, 0.33310636090871326, -0.3593102535333985, -1.5590494636744023], [-0.4894834370576362, 0.6245205167954374, -0.6085886040239361, -2.3829222778838326], [0.02167189004965052, 0.7064094254918419, 0.7074715914847479, 2.5], [0.0, 0.0, 0.0, 1.0]], 'mask_path': 'masks/44.png'}\n",
      "{'file_path': 'images/45.png', 'transform_matrix': [[0.871743250061576, 0.33310636090871326, -0.3593102535333985, -1.5590494636744023], [-0.4894834370576362, 0.6245205167954374, -0.6085886040239361, -2.3829222778838326], [0.02167189004965052, 0.7064094254918419, 0.7074715914847479, 2.5], [0.0, 0.0, 0.0, 1.0]], 'mask_path': 'masks/45.png'}\n",
      "{'file_path': 'images/46.png', 'transform_matrix': [[0.871743250061576, 0.33310636090871326, -0.3593102535333985, -1.5590494636744023], [-0.4894834370576362, 0.6245205167954374, -0.6085886040239361, -2.3829222778838326], [0.02167189004965052, 0.7064094254918419, 0.7074715914847479, 2.5], [0.0, 0.0, 0.0, 1.0]], 'mask_path': 'masks/46.png'}\n",
      "{'file_path': 'images/47.png', 'transform_matrix': [[0.871743250061576, 0.33310636090871326, -0.3593102535333985, -1.5590494636744023], [-0.4894834370576362, 0.6245205167954374, -0.6085886040239361, -2.3829222778838326], [0.02167189004965052, 0.7064094254918419, 0.7074715914847479, 2.5], [0.0, 0.0, 0.0, 1.0]], 'mask_path': 'masks/47.png'}\n",
      "{'file_path': 'images/48.png', 'transform_matrix': [[0.871743250061576, 0.33310636090871326, -0.3593102535333985, -1.5590494636744023], [-0.4894834370576362, 0.6245205167954374, -0.6085886040239361, -2.3829222778838326], [0.02167189004965052, 0.7064094254918419, 0.7074715914847479, 2.5], [0.0, 0.0, 0.0, 1.0]], 'mask_path': 'masks/48.png'}\n",
      "{'file_path': 'images/49.png', 'transform_matrix': [[0.871743250061576, 0.33310636090871326, -0.3593102535333985, -1.5590494636744023], [-0.4894834370576362, 0.6245205167954374, -0.6085886040239361, -2.3829222778838326], [0.02167189004965052, 0.7064094254918419, 0.7074715914847479, 2.5], [0.0, 0.0, 0.0, 1.0]], 'mask_path': 'masks/49.png'}\n",
      "{'file_path': 'images/50.png', 'transform_matrix': [[0.871743250061576, 0.33310636090871326, -0.3593102535333985, -1.5590494636744023], [-0.4894834370576362, 0.6245205167954374, -0.6085886040239361, -2.3829222778838326], [0.02167189004965052, 0.7064094254918419, 0.7074715914847479, 2.5], [0.0, 0.0, 0.0, 1.0]], 'mask_path': 'masks/50.png'}\n",
      "{'file_path': 'images/51.png', 'transform_matrix': [[0.871743250061576, 0.33310636090871326, -0.3593102535333985, -1.5590494636744023], [-0.4894834370576362, 0.6245205167954374, -0.6085886040239361, -2.3829222778838326], [0.02167189004965052, 0.7064094254918419, 0.7074715914847479, 2.5], [0.0, 0.0, 0.0, 1.0]], 'mask_path': 'masks/51.png'}\n",
      "{'file_path': 'images/52.png', 'transform_matrix': [[0.871743250061576, 0.33310636090871326, -0.3593102535333985, -1.5590494636744023], [-0.4894834370576362, 0.6245205167954374, -0.6085886040239361, -2.3829222778838326], [0.02167189004965052, 0.7064094254918419, 0.7074715914847479, 2.5], [0.0, 0.0, 0.0, 1.0]], 'mask_path': 'masks/52.png'}\n",
      "{'file_path': 'images/53.png', 'transform_matrix': [[0.871743250061576, 0.33310636090871326, -0.3593102535333985, -1.5590494636744023], [-0.4894834370576362, 0.6245205167954374, -0.6085886040239361, -2.3829222778838326], [0.02167189004965052, 0.7064094254918419, 0.7074715914847479, 2.5], [0.0, 0.0, 0.0, 1.0]], 'mask_path': 'masks/53.png'}\n",
      "{'file_path': 'images/54.png', 'transform_matrix': [[0.871743250061576, 0.33310636090871326, -0.3593102535333985, -1.5590494636744023], [-0.4894834370576362, 0.6245205167954374, -0.6085886040239361, -2.3829222778838326], [0.02167189004965052, 0.7064094254918419, 0.7074715914847479, 2.5], [0.0, 0.0, 0.0, 1.0]], 'mask_path': 'masks/54.png'}\n",
      "{'file_path': 'images/55.png', 'transform_matrix': [[0.871743250061576, 0.33310636090871326, -0.3593102535333985, -1.5590494636744023], [-0.4894834370576362, 0.6245205167954374, -0.6085886040239361, -2.3829222778838326], [0.02167189004965052, 0.7064094254918419, 0.7074715914847479, 2.5], [0.0, 0.0, 0.0, 1.0]], 'mask_path': 'masks/55.png'}\n",
      "{'file_path': 'images/56.png', 'transform_matrix': [[0.871743250061576, 0.33310636090871326, -0.3593102535333985, -1.5590494636744023], [-0.4894834370576362, 0.6245205167954374, -0.6085886040239361, -2.3829222778838326], [0.02167189004965052, 0.7064094254918419, 0.7074715914847479, 2.5], [0.0, 0.0, 0.0, 1.0]], 'mask_path': 'masks/56.png'}\n",
      "{'file_path': 'images/57.png', 'transform_matrix': [[0.871743250061576, 0.33310636090871326, -0.3593102535333985, -1.5590494636744023], [-0.4894834370576362, 0.6245205167954374, -0.6085886040239361, -2.3829222778838326], [0.02167189004965052, 0.7064094254918419, 0.7074715914847479, 2.5], [0.0, 0.0, 0.0, 1.0]], 'mask_path': 'masks/57.png'}\n",
      "{'file_path': 'images/58.png', 'transform_matrix': [[0.871743250061576, 0.33310636090871326, -0.3593102535333985, -1.5590494636744023], [-0.4894834370576362, 0.6245205167954374, -0.6085886040239361, -2.3829222778838326], [0.02167189004965052, 0.7064094254918419, 0.7074715914847479, 2.5], [0.0, 0.0, 0.0, 1.0]], 'mask_path': 'masks/58.png'}\n",
      "{'file_path': 'images/59.png', 'transform_matrix': [[0.871743250061576, 0.33310636090871326, -0.3593102535333985, -1.5590494636744023], [-0.4894834370576362, 0.6245205167954374, -0.6085886040239361, -2.3829222778838326], [0.02167189004965052, 0.7064094254918419, 0.7074715914847479, 2.5], [0.0, 0.0, 0.0, 1.0]], 'mask_path': 'masks/59.png'}\n",
      "{'file_path': 'images/60.png', 'transform_matrix': [[0.871743250061576, 0.33310636090871326, -0.3593102535333985, -1.5590494636744023], [-0.4894834370576362, 0.6245205167954374, -0.6085886040239361, -2.3829222778838326], [0.02167189004965052, 0.7064094254918419, 0.7074715914847479, 2.5], [0.0, 0.0, 0.0, 1.0]], 'mask_path': 'masks/60.png'}\n",
      "{'file_path': 'images/61.png', 'transform_matrix': [[0.871743250061576, 0.33310636090871326, -0.3593102535333985, -1.5590494636744023], [-0.4894834370576362, 0.6245205167954374, -0.6085886040239361, -2.3829222778838326], [0.02167189004965052, 0.7064094254918419, 0.7074715914847479, 2.5], [0.0, 0.0, 0.0, 1.0]], 'mask_path': 'masks/61.png'}\n",
      "{'file_path': 'images/62.png', 'transform_matrix': [[0.871743250061576, 0.33310636090871326, -0.3593102535333985, -1.5590494636744023], [-0.4894834370576362, 0.6245205167954374, -0.6085886040239361, -2.3829222778838326], [0.02167189004965052, 0.7064094254918419, 0.7074715914847479, 2.5], [0.0, 0.0, 0.0, 1.0]], 'mask_path': 'masks/62.png'}\n",
      "{'file_path': 'images/63.png', 'transform_matrix': [[0.871743250061576, 0.33310636090871326, -0.3593102535333985, -1.5590494636744023], [-0.4894834370576362, 0.6245205167954374, -0.6085886040239361, -2.3829222778838326], [0.02167189004965052, 0.7064094254918419, 0.7074715914847479, 2.5], [0.0, 0.0, 0.0, 1.0]], 'mask_path': 'masks/63.png'}\n",
      "{'file_path': 'images/64.png', 'transform_matrix': [[0.871743250061576, 0.33310636090871326, -0.3593102535333985, -1.5590494636744023], [-0.4894834370576362, 0.6245205167954374, -0.6085886040239361, -2.3829222778838326], [0.02167189004965052, 0.7064094254918419, 0.7074715914847479, 2.5], [0.0, 0.0, 0.0, 1.0]], 'mask_path': 'masks/64.png'}\n",
      "{'file_path': 'images/65.png', 'transform_matrix': [[0.871743250061576, 0.33310636090871326, -0.3593102535333985, -1.5590494636744023], [-0.4894834370576362, 0.6245205167954374, -0.6085886040239361, -2.3829222778838326], [0.02167189004965052, 0.7064094254918419, 0.7074715914847479, 2.5], [0.0, 0.0, 0.0, 1.0]], 'mask_path': 'masks/65.png'}\n",
      "{'file_path': 'images/66.png', 'transform_matrix': [[0.871743250061576, 0.33310636090871326, -0.3593102535333985, -1.5590494636744023], [-0.4894834370576362, 0.6245205167954374, -0.6085886040239361, -2.3829222778838326], [0.02167189004965052, 0.7064094254918419, 0.7074715914847479, 2.5], [0.0, 0.0, 0.0, 1.0]], 'mask_path': 'masks/66.png'}\n",
      "{'file_path': 'images/67.png', 'transform_matrix': [[0.871743250061576, 0.33310636090871326, -0.3593102535333985, -1.5590494636744023], [-0.4894834370576362, 0.6245205167954374, -0.6085886040239361, -2.3829222778838326], [0.02167189004965052, 0.7064094254918419, 0.7074715914847479, 2.5], [0.0, 0.0, 0.0, 1.0]], 'mask_path': 'masks/67.png'}\n",
      "{'file_path': 'images/68.png', 'transform_matrix': [[0.871743250061576, 0.33310636090871326, -0.3593102535333985, -1.5590494636744023], [-0.4894834370576362, 0.6245205167954374, -0.6085886040239361, -2.3829222778838326], [0.02167189004965052, 0.7064094254918419, 0.7074715914847479, 2.5], [0.0, 0.0, 0.0, 1.0]], 'mask_path': 'masks/68.png'}\n",
      "{'file_path': 'images/69.png', 'transform_matrix': [[0.871743250061576, 0.33310636090871326, -0.3593102535333985, -1.5590494636744023], [-0.4894834370576362, 0.6245205167954374, -0.6085886040239361, -2.3829222778838326], [0.02167189004965052, 0.7064094254918419, 0.7074715914847479, 2.5], [0.0, 0.0, 0.0, 1.0]], 'mask_path': 'masks/69.png'}\n",
      "{'file_path': 'images/70.png', 'transform_matrix': [[0.871743250061576, 0.33310636090871326, -0.3593102535333985, -1.5590494636744023], [-0.4894834370576362, 0.6245205167954374, -0.6085886040239361, -2.3829222778838326], [0.02167189004965052, 0.7064094254918419, 0.7074715914847479, 2.5], [0.0, 0.0, 0.0, 1.0]], 'mask_path': 'masks/70.png'}\n",
      "{'file_path': 'images/71.png', 'transform_matrix': [[0.871743250061576, 0.33310636090871326, -0.3593102535333985, -1.5590494636744023], [-0.4894834370576362, 0.6245205167954374, -0.6085886040239361, -2.3829222778838326], [0.02167189004965052, 0.7064094254918419, 0.7074715914847479, 2.5], [0.0, 0.0, 0.0, 1.0]], 'mask_path': 'masks/71.png'}\n",
      "{'file_path': 'images/72.png', 'transform_matrix': [[0.871743250061576, 0.33310636090871326, -0.3593102535333985, -1.5590494636744023], [-0.4894834370576362, 0.6245205167954374, -0.6085886040239361, -2.3829222778838326], [0.02167189004965052, 0.7064094254918419, 0.7074715914847479, 2.5], [0.0, 0.0, 0.0, 1.0]], 'mask_path': 'masks/72.png'}\n",
      "{'file_path': 'images/73.png', 'transform_matrix': [[0.871743250061576, 0.33310636090871326, -0.3593102535333985, -1.5590494636744023], [-0.4894834370576362, 0.6245205167954374, -0.6085886040239361, -2.3829222778838326], [0.02167189004965052, 0.7064094254918419, 0.7074715914847479, 2.5], [0.0, 0.0, 0.0, 1.0]], 'mask_path': 'masks/73.png'}\n",
      "{'file_path': 'images/74.png', 'transform_matrix': [[0.871743250061576, 0.33310636090871326, -0.3593102535333985, -1.5590494636744023], [-0.4894834370576362, 0.6245205167954374, -0.6085886040239361, -2.3829222778838326], [0.02167189004965052, 0.7064094254918419, 0.7074715914847479, 2.5], [0.0, 0.0, 0.0, 1.0]], 'mask_path': 'masks/74.png'}\n",
      "{'file_path': 'images/75.png', 'transform_matrix': [[0.871743250061576, 0.33310636090871326, -0.3593102535333985, -1.5590494636744023], [-0.4894834370576362, 0.6245205167954374, -0.6085886040239361, -2.3829222778838326], [0.02167189004965052, 0.7064094254918419, 0.7074715914847479, 2.5], [0.0, 0.0, 0.0, 1.0]], 'mask_path': 'masks/75.png'}\n",
      "{'file_path': 'images/76.png', 'transform_matrix': [[0.871743250061576, 0.33310636090871326, -0.3593102535333985, -1.5590494636744023], [-0.4894834370576362, 0.6245205167954374, -0.6085886040239361, -2.3829222778838326], [0.02167189004965052, 0.7064094254918419, 0.7074715914847479, 2.5], [0.0, 0.0, 0.0, 1.0]], 'mask_path': 'masks/76.png'}\n",
      "{'file_path': 'images/77.png', 'transform_matrix': [[0.871743250061576, 0.33310636090871326, -0.3593102535333985, -1.5590494636744023], [-0.4894834370576362, 0.6245205167954374, -0.6085886040239361, -2.3829222778838326], [0.02167189004965052, 0.7064094254918419, 0.7074715914847479, 2.5], [0.0, 0.0, 0.0, 1.0]], 'mask_path': 'masks/77.png'}\n",
      "{'file_path': 'images/78.png', 'transform_matrix': [[0.871743250061576, 0.33310636090871326, -0.3593102535333985, -1.5590494636744023], [-0.4894834370576362, 0.6245205167954374, -0.6085886040239361, -2.3829222778838326], [0.02167189004965052, 0.7064094254918419, 0.7074715914847479, 2.5], [0.0, 0.0, 0.0, 1.0]], 'mask_path': 'masks/78.png'}\n",
      "{'file_path': 'images/79.png', 'transform_matrix': [[0.871743250061576, 0.33310636090871326, -0.3593102535333985, -1.5590494636744023], [-0.4894834370576362, 0.6245205167954374, -0.6085886040239361, -2.3829222778838326], [0.02167189004965052, 0.7064094254918419, 0.7074715914847479, 2.5], [0.0, 0.0, 0.0, 1.0]], 'mask_path': 'masks/79.png'}\n",
      "{'file_path': 'images/80.png', 'transform_matrix': [[0.871743250061576, 0.33310636090871326, -0.3593102535333985, -1.5590494636744023], [-0.4894834370576362, 0.6245205167954374, -0.6085886040239361, -2.3829222778838326], [0.02167189004965052, 0.7064094254918419, 0.7074715914847479, 2.5], [0.0, 0.0, 0.0, 1.0]], 'mask_path': 'masks/80.png'}\n",
      "{'file_path': 'images/81.png', 'transform_matrix': [[0.871743250061576, 0.33310636090871326, -0.3593102535333985, -1.5590494636744023], [-0.4894834370576362, 0.6245205167954374, -0.6085886040239361, -2.3829222778838326], [0.02167189004965052, 0.7064094254918419, 0.7074715914847479, 2.5], [0.0, 0.0, 0.0, 1.0]], 'mask_path': 'masks/81.png'}\n",
      "{'file_path': 'images/82.png', 'transform_matrix': [[0.871743250061576, 0.33310636090871326, -0.3593102535333985, -1.5590494636744023], [-0.4894834370576362, 0.6245205167954374, -0.6085886040239361, -2.3829222778838326], [0.02167189004965052, 0.7064094254918419, 0.7074715914847479, 2.5], [0.0, 0.0, 0.0, 1.0]], 'mask_path': 'masks/82.png'}\n",
      "{'file_path': 'images/83.png', 'transform_matrix': [[0.871743250061576, 0.33310636090871326, -0.3593102535333985, -1.5590494636744023], [-0.4894834370576362, 0.6245205167954374, -0.6085886040239361, -2.3829222778838326], [0.02167189004965052, 0.7064094254918419, 0.7074715914847479, 2.5], [0.0, 0.0, 0.0, 1.0]], 'mask_path': 'masks/83.png'}\n",
      "{'file_path': 'images/84.png', 'transform_matrix': [[0.871743250061576, 0.33310636090871326, -0.3593102535333985, -1.5590494636744023], [-0.4894834370576362, 0.6245205167954374, -0.6085886040239361, -2.3829222778838326], [0.02167189004965052, 0.7064094254918419, 0.7074715914847479, 2.5], [0.0, 0.0, 0.0, 1.0]], 'mask_path': 'masks/84.png'}\n",
      "{'file_path': 'images/85.png', 'transform_matrix': [[0.871743250061576, 0.33310636090871326, -0.3593102535333985, -1.5590494636744023], [-0.4894834370576362, 0.6245205167954374, -0.6085886040239361, -2.3829222778838326], [0.02167189004965052, 0.7064094254918419, 0.7074715914847479, 2.5], [0.0, 0.0, 0.0, 1.0]], 'mask_path': 'masks/85.png'}\n",
      "{'file_path': 'images/86.png', 'transform_matrix': [[0.871743250061576, 0.33310636090871326, -0.3593102535333985, -1.5590494636744023], [-0.4894834370576362, 0.6245205167954374, -0.6085886040239361, -2.3829222778838326], [0.02167189004965052, 0.7064094254918419, 0.7074715914847479, 2.5], [0.0, 0.0, 0.0, 1.0]], 'mask_path': 'masks/86.png'}\n",
      "{'file_path': 'images/87.png', 'transform_matrix': [[0.871743250061576, 0.33310636090871326, -0.3593102535333985, -1.5590494636744023], [-0.4894834370576362, 0.6245205167954374, -0.6085886040239361, -2.3829222778838326], [0.02167189004965052, 0.7064094254918419, 0.7074715914847479, 2.5], [0.0, 0.0, 0.0, 1.0]], 'mask_path': 'masks/87.png'}\n",
      "{'file_path': 'images/88.png', 'transform_matrix': [[0.871743250061576, 0.33310636090871326, -0.3593102535333985, -1.5590494636744023], [-0.4894834370576362, 0.6245205167954374, -0.6085886040239361, -2.3829222778838326], [0.02167189004965052, 0.7064094254918419, 0.7074715914847479, 2.5], [0.0, 0.0, 0.0, 1.0]], 'mask_path': 'masks/88.png'}\n",
      "{'file_path': 'images/89.png', 'transform_matrix': [[0.871743250061576, 0.33310636090871326, -0.3593102535333985, -1.5590494636744023], [-0.4894834370576362, 0.6245205167954374, -0.6085886040239361, -2.3829222778838326], [0.02167189004965052, 0.7064094254918419, 0.7074715914847479, 2.5], [0.0, 0.0, 0.0, 1.0]], 'mask_path': 'masks/89.png'}\n",
      "{'file_path': 'images/90.png', 'transform_matrix': [[0.871743250061576, 0.33310636090871326, -0.3593102535333985, -1.5590494636744023], [-0.4894834370576362, 0.6245205167954374, -0.6085886040239361, -2.3829222778838326], [0.02167189004965052, 0.7064094254918419, 0.7074715914847479, 2.5], [0.0, 0.0, 0.0, 1.0]], 'mask_path': 'masks/90.png'}\n",
      "{'file_path': 'images/91.png', 'transform_matrix': [[0.871743250061576, 0.33310636090871326, -0.3593102535333985, -1.5590494636744023], [-0.4894834370576362, 0.6245205167954374, -0.6085886040239361, -2.3829222778838326], [0.02167189004965052, 0.7064094254918419, 0.7074715914847479, 2.5], [0.0, 0.0, 0.0, 1.0]], 'mask_path': 'masks/91.png'}\n",
      "{'file_path': 'images/92.png', 'transform_matrix': [[0.871743250061576, 0.33310636090871326, -0.3593102535333985, -1.5590494636744023], [-0.4894834370576362, 0.6245205167954374, -0.6085886040239361, -2.3829222778838326], [0.02167189004965052, 0.7064094254918419, 0.7074715914847479, 2.5], [0.0, 0.0, 0.0, 1.0]], 'mask_path': 'masks/92.png'}\n",
      "{'file_path': 'images/93.png', 'transform_matrix': [[0.871743250061576, 0.33310636090871326, -0.3593102535333985, -1.5590494636744023], [-0.4894834370576362, 0.6245205167954374, -0.6085886040239361, -2.3829222778838326], [0.02167189004965052, 0.7064094254918419, 0.7074715914847479, 2.5], [0.0, 0.0, 0.0, 1.0]], 'mask_path': 'masks/93.png'}\n",
      "{'file_path': 'images/94.png', 'transform_matrix': [[0.871743250061576, 0.33310636090871326, -0.3593102535333985, -1.5590494636744023], [-0.4894834370576362, 0.6245205167954374, -0.6085886040239361, -2.3829222778838326], [0.02167189004965052, 0.7064094254918419, 0.7074715914847479, 2.5], [0.0, 0.0, 0.0, 1.0]], 'mask_path': 'masks/94.png'}\n",
      "{'file_path': 'images/95.png', 'transform_matrix': [[0.871743250061576, 0.33310636090871326, -0.3593102535333985, -1.5590494636744023], [-0.4894834370576362, 0.6245205167954374, -0.6085886040239361, -2.3829222778838326], [0.02167189004965052, 0.7064094254918419, 0.7074715914847479, 2.5], [0.0, 0.0, 0.0, 1.0]], 'mask_path': 'masks/95.png'}\n",
      "{'file_path': 'images/96.png', 'transform_matrix': [[0.871743250061576, 0.33310636090871326, -0.3593102535333985, -1.5590494636744023], [-0.4894834370576362, 0.6245205167954374, -0.6085886040239361, -2.3829222778838326], [0.02167189004965052, 0.7064094254918419, 0.7074715914847479, 2.5], [0.0, 0.0, 0.0, 1.0]], 'mask_path': 'masks/96.png'}\n",
      "{'file_path': 'images/97.png', 'transform_matrix': [[0.871743250061576, 0.33310636090871326, -0.3593102535333985, -1.5590494636744023], [-0.4894834370576362, 0.6245205167954374, -0.6085886040239361, -2.3829222778838326], [0.02167189004965052, 0.7064094254918419, 0.7074715914847479, 2.5], [0.0, 0.0, 0.0, 1.0]], 'mask_path': 'masks/97.png'}\n",
      "{'file_path': 'images/98.png', 'transform_matrix': [[0.871743250061576, 0.33310636090871326, -0.3593102535333985, -1.5590494636744023], [-0.4894834370576362, 0.6245205167954374, -0.6085886040239361, -2.3829222778838326], [0.02167189004965052, 0.7064094254918419, 0.7074715914847479, 2.5], [0.0, 0.0, 0.0, 1.0]], 'mask_path': 'masks/98.png'}\n",
      "{'file_path': 'images/99.png', 'transform_matrix': [[0.871743250061576, 0.33310636090871326, -0.3593102535333985, -1.5590494636744023], [-0.4894834370576362, 0.6245205167954374, -0.6085886040239361, -2.3829222778838326], [0.02167189004965052, 0.7064094254918419, 0.7074715914847479, 2.5], [0.0, 0.0, 0.0, 1.0]], 'mask_path': 'masks/99.png'}\n",
      "{'file_path': 'images/100.png', 'transform_matrix': [[0.871743250061576, 0.33310636090871326, -0.3593102535333985, -1.5590494636744023], [-0.4894834370576362, 0.6245205167954374, -0.6085886040239361, -2.3829222778838326], [0.02167189004965052, 0.7064094254918419, 0.7074715914847479, 2.5], [0.0, 0.0, 0.0, 1.0]], 'mask_path': 'masks/100.png'}\n",
      "{'file_path': 'images/101.png', 'transform_matrix': [[0.871743250061576, 0.33310636090871326, -0.3593102535333985, -1.5590494636744023], [-0.4894834370576362, 0.6245205167954374, -0.6085886040239361, -2.3829222778838326], [0.02167189004965052, 0.7064094254918419, 0.7074715914847479, 2.5], [0.0, 0.0, 0.0, 1.0]], 'mask_path': 'masks/101.png'}\n",
      "{'file_path': 'images/102.png', 'transform_matrix': [[0.871743250061576, 0.33310636090871326, -0.3593102535333985, -1.5590494636744023], [-0.4894834370576362, 0.6245205167954374, -0.6085886040239361, -2.3829222778838326], [0.02167189004965052, 0.7064094254918419, 0.7074715914847479, 2.5], [0.0, 0.0, 0.0, 1.0]], 'mask_path': 'masks/102.png'}\n",
      "{'file_path': 'images/103.png', 'transform_matrix': [[0.871743250061576, 0.33310636090871326, -0.3593102535333985, -1.5590494636744023], [-0.4894834370576362, 0.6245205167954374, -0.6085886040239361, -2.3829222778838326], [0.02167189004965052, 0.7064094254918419, 0.7074715914847479, 2.5], [0.0, 0.0, 0.0, 1.0]], 'mask_path': 'masks/103.png'}\n",
      "{'file_path': 'images/104.png', 'transform_matrix': [[0.871743250061576, 0.33310636090871326, -0.3593102535333985, -1.5590494636744023], [-0.4894834370576362, 0.6245205167954374, -0.6085886040239361, -2.3829222778838326], [0.02167189004965052, 0.7064094254918419, 0.7074715914847479, 2.5], [0.0, 0.0, 0.0, 1.0]], 'mask_path': 'masks/104.png'}\n",
      "{'file_path': 'images/105.png', 'transform_matrix': [[0.871743250061576, 0.33310636090871326, -0.3593102535333985, -1.5590494636744023], [-0.4894834370576362, 0.6245205167954374, -0.6085886040239361, -2.3829222778838326], [0.02167189004965052, 0.7064094254918419, 0.7074715914847479, 2.5], [0.0, 0.0, 0.0, 1.0]], 'mask_path': 'masks/105.png'}\n",
      "{'file_path': 'images/106.png', 'transform_matrix': [[0.871743250061576, 0.33310636090871326, -0.3593102535333985, -1.5590494636744023], [-0.4894834370576362, 0.6245205167954374, -0.6085886040239361, -2.3829222778838326], [0.02167189004965052, 0.7064094254918419, 0.7074715914847479, 2.5], [0.0, 0.0, 0.0, 1.0]], 'mask_path': 'masks/106.png'}\n",
      "{'file_path': 'images/107.png', 'transform_matrix': [[0.871743250061576, 0.33310636090871326, -0.3593102535333985, -1.5590494636744023], [-0.4894834370576362, 0.6245205167954374, -0.6085886040239361, -2.3829222778838326], [0.02167189004965052, 0.7064094254918419, 0.7074715914847479, 2.5], [0.0, 0.0, 0.0, 1.0]], 'mask_path': 'masks/107.png'}\n",
      "{'file_path': 'images/108.png', 'transform_matrix': [[0.871743250061576, 0.33310636090871326, -0.3593102535333985, -1.5590494636744023], [-0.4894834370576362, 0.6245205167954374, -0.6085886040239361, -2.3829222778838326], [0.02167189004965052, 0.7064094254918419, 0.7074715914847479, 2.5], [0.0, 0.0, 0.0, 1.0]], 'mask_path': 'masks/108.png'}\n",
      "{'file_path': 'images/109.png', 'transform_matrix': [[0.871743250061576, 0.33310636090871326, -0.3593102535333985, -1.5590494636744023], [-0.4894834370576362, 0.6245205167954374, -0.6085886040239361, -2.3829222778838326], [0.02167189004965052, 0.7064094254918419, 0.7074715914847479, 2.5], [0.0, 0.0, 0.0, 1.0]], 'mask_path': 'masks/109.png'}\n",
      "{'file_path': 'images/110.png', 'transform_matrix': [[0.871743250061576, 0.33310636090871326, -0.3593102535333985, -1.5590494636744023], [-0.4894834370576362, 0.6245205167954374, -0.6085886040239361, -2.3829222778838326], [0.02167189004965052, 0.7064094254918419, 0.7074715914847479, 2.5], [0.0, 0.0, 0.0, 1.0]], 'mask_path': 'masks/110.png'}\n",
