{
    "focal_length": 4.74,
    "pixel_width": 0.0042,
    "pixel_height": 0.0042,
    "w": 1280,
    "h": 720,
    "fov_x": 1.031736666064982,
    "fl_x": 1128.5714285714287,
    "fl_y": 1128.5714285714287,
    "cx": 640,
    "cy": 360,
    "camera_model": "OPENCV",
    "frames": [
        {
            "file_path": "images/0.png",
            "transform_matrix": [
                [
                    0.9999999999999999,
                    0.0,
                    0.0,
                    0.0
                ],
                [
                    0.0,
                    0.7073882691671997,
                    -0.706825181105366,
                    -3.0
                ],
                [
                    0.0,
                    0.706825181105366,
                    0.7073882691671997,
                    2.5
                ],
                [
                    0.0,
                    0.0,
                    0.0,
                    1.0
                ]
            ],
            "mask_path": "masks/0.png"
        },
        {
            "file_path": "images/1.png",
            "transform_matrix": [
                [
                    0.9921147013144777,
                    -0.08865925916018154,
                    0.08858868551261047,
                    0.37599970069291266
                ],
                [
                    0.1253332335643042,
                    0.7018103013781817,
                    -0.7012516534339018,
                    -2.9763441039434335
                ],
                [
                    0.0,
                    0.706825181105366,
                    0.7073882691671997,
                    2.5
                ],
                [
                    0.0,
                    0.0,
                    0.0,
                    1.0
                ]
            ],
            "mask_path": "masks/1.png"
        },
        {
            "file_path": "images/2.png",
            "transform_matrix": [
                [
                    0.9685831611286311,
                    -0.17592030884093282,
                    0.17578027453437153,
                    0.7460696614945644
                ],
                [
                    0.2486898871648548,
                    0.6851643658952773,
                    -0.6846189682803526,
                    -2.9057494833858937
                ],
                [
                    0.0,
                    0.706825181105366,
                    0.7073882691671997,
                    2.5
                ],
                [
                    0.0,
                    0.0,
                    0.0,
                    1.0
                ]
            ],
            "mask_path": "masks/2.png"
        },
        {
            "file_path": "images/3.png",
            "transform_matrix": [
                [
                    0.9297764858882513,
                    -0.26040699016156393,
                    0.2601997036206793,
                    1.1043736580540338
                ],
                [
                    0.36812455268467786,
                    0.6577129790648515,
                    -0.6571894330254741,
                    -2.7893294576647545
                ],
                [
                    0.0,
                    0.706825181105366,
                    0.7073882691671997,
                    2.5
                ],
                [
                    0.0,
                    0.0,
                    0.0,
                    1.0
                ]
            ],
            "mask_path": "masks/3.png"
        },
        {
            "file_path": "images/4.png",
            "transform_matrix": [
                [
                    0.8763066800438634,
                    -0.34078689768775156,
                    0.34051562794512036,
                    1.4452610223051459
                ],
                [
                    0.4817536741017152,
                    0.6198890656558836,
                    -0.6193956278258458,
                    -2.6289200401315904
                ],
                [
                    0.0,
                    0.706825181105366,
                    0.7073882691671997,
                    2.5
                ],
                [
                    0.0,
                    0.0,
                    0.0,
                    1.0
                ]
            ],
            "mask_path": "masks/4.png"
        },
        {
            "file_path": "images/5.png",
            "transform_matrix": [
                [
                    0.8090169943749472,
                    -0.41579239226117826,
                    0.4154614174026905,
                    1.7633557568774192
                ],
                [
                    0.5877852522924729,
                    0.5722891313777441,
                    -0.571833583566391,
                    -2.427050983124842
                ],
                [
                    0.0,
                    0.7068251811053659,
                    0.7073882691671995,
                    2.4999999999999996
                ],
                [
                    0.0,
                    0.0,
                    0.0,
                    1.0
                ]
            ],
            "mask_path": "masks/5.png"
        },
        {
            "file_path": "images/6.png",
            "transform_matrix": [
                [
                    0.7289686274214116,
                    -0.48424059242631073,
                    0.48385513212319947,
                    2.0536413177860657
                ],
                [
                    0.6845471059286885,
                    0.5156638556288217,
                    -0.5152533820972693,
                    -2.186905882264235
                ],
                [
                    0.0,
                    0.706825181105366,
                    0.7073882691671997,
                    2.5
                ],
                [
                    0.0,
                    0.0,
                    0.0,
                    1.0
                ]
            ],
            "mask_path": "masks/6.png"
        },
        {
            "file_path": "images/7.png",
            "transform_matrix": [
                [
                    0.6374239897486897,
                    -0.5450520291775719,
                    0.54461816236908,
                    2.311539728327368
                ],
                [
                    0.7705132427757891,
                    0.45090625283397656,
                    -0.45054732699502265,
                    -1.9122719692460697
                ],
                [
                    0.0,
                    0.7068251811053661,
                    0.7073882691671998,
                    2.5000000000000004
                ],
                [
                    0.0,
                    0.0,
                    0.0,
                    1.0
                ]
            ],
            "mask_path": "masks/7.png"
        },
        {
            "file_path": "images/8.png",
            "transform_matrix": [
                [
                    0.5358267949789964,
                    -0.5972676698304028,
                    0.5967922388552799,
                    2.5329837765060454
                ],
                [
                    0.8443279255020151,
                    0.3790375890736003,
                    -0.37873587140213705,
                    -1.6074803849369896
                ],
                [
                    0.0,
                    0.706825181105366,
                    0.7073882691671997,
                    2.5
                ],
                [
                    0.0,
                    0.0,
                    0.0,
                    1.0
                ]
            ],
            "mask_path": "masks/8.png"
        },
        {
            "file_path": "images/9.png",
            "transform_matrix": [
                [
                    0.42577929156507255,
                    -0.6400640425395966,
                    0.6395545452283288,
                    2.7144811573980587
                ],
                [
                    0.9048270524660195,
                    0.30119127610745317,
                    -0.30095152487139687,
                    -1.2773378746952178
                ],
                [
                    0.0,
                    0.706825181105366,
                    0.7073882691671997,
                    2.5
                ],
                [
                    0.0,
                    0.0,
                    0.0,
                    1.0
                ]
            ],
            "mask_path": "masks/9.png"
        },
        {
            "file_path": "images/10.png",
            "transform_matrix": [
                [
                    0.3090169943749474,
                    -0.6727662229422153,
                    0.6722306943717604,
                    2.853169548885461
                ],
                [
                    0.9510565162951535,
                    0.21859499679414435,
                    -0.2184209930137081,
                    -0.9270509831248424
                ],
                [
                    0.0,
                    0.706825181105366,
                    0.7073882691671997,
                    2.5
                ],
                [
                    0.0,
                    0.0,
                    0.0,
                    1.0
                ]
            ],
            "mask_path": "masks/10.png"
        },
        {
            "file_path": "images/11.png",
            "transform_matrix": [
                [
                    0.18738131458572468,
                    -0.6948584781179741,
                    0.6943053638937974,
                    2.9468617521860656
                ],
                [
                    0.9822872507286885,
                    0.13255134379907035,
                    -0.13244583161781642,
                    -0.5621439437571741
                ],
                [
                    0.0,
                    0.7068251811053659,
                    0.7073882691671995,
                    2.4999999999999996
                ],
                [
                    0.0,
                    0.0,
                    0.0,
                    1.0
                ]
            ],
            "mask_path": "masks/11.png"
        },
        {
            "file_path": "images/12.png",
            "transform_matrix": [
                [
                    0.06279051952931351,
                    -0.7059924000054778,
                    0.7054304230693089,
                    2.9940801852848145
                ],
                [
                    0.9980267284282714,
                    0.044417276929950344,
                    -0.04438192033800705,
                    -0.18837155858794058
                ],
                [
                    0.0,
                    0.706825181105366,
                    0.7073882691671997,
                    2.5
                ],
                [
                    0.0,
                    0.0,
                    0.0,
                    1.0
                ]
            ],
            "mask_path": "masks/12.png"
        },
        {
            "file_path": "images/13.png",
            "transform_matrix": [
                [
                    -0.06279051952931351,
                    -0.7059924000054778,
                    0.7054304230693089,
                    2.9940801852848145
                ],
                [
                    0.9980267284282714,
                    -0.044417276929950344,
                    0.04438192033800705,
                    0.18837155858794058
                ],
                [
                    0.0,
                    0.706825181105366,
                    0.7073882691671997,
                    2.5
                ],
                [
                    0.0,
                    0.0,
                    0.0,
                    1.0
                ]
            ],
            "mask_path": "masks/13.png"
        },
        {
            "file_path": "images/14.png",
            "transform_matrix": [
                [
                    -0.18738131458572452,
                    -0.6948584781179742,
                    0.6943053638937974,
                    2.946861752186066
                ],
                [
                    0.9822872507286886,
                    -0.13255134379907024,
                    0.1324458316178163,
                    0.5621439437571736
                ],
                [
                    0.0,
                    0.706825181105366,
                    0.7073882691671997,
                    2.5
                ],
                [
                    0.0,
                    0.0,
                    0.0,
                    1.0
                ]
            ],
            "mask_path": "masks/14.png"
        },
        {
            "file_path": "images/15.png",
            "transform_matrix": [
                [
                    -0.3090169943749471,
                    -0.6727662229422153,
                    0.6722306943717604,
                    2.853169548885461
                ],
                [
                    0.9510565162951535,
                    -0.21859499679414415,
                    0.2184209930137079,
                    0.9270509831248415
                ],
                [
                    0.0,
                    0.706825181105366,
                    0.7073882691671997,
                    2.5
                ],
                [
                    0.0,
                    0.0,
                    0.0,
                    1.0
                ]
            ],
            "mask_path": "masks/15.png"
        },
        {
            "file_path": "images/16.png",
            "transform_matrix": [
                [
                    -0.42577929156507266,
                    -0.6400640425395964,
                    0.6395545452283286,
                    2.7144811573980583
                ],
                [
                    0.9048270524660192,
                    -0.3011912761074532,
                    0.3009515248713969,
                    1.2773378746952182
                ],
                [
                    0.0,
                    0.706825181105366,
                    0.7073882691671997,
                    2.5
                ],
                [
                    0.0,
                    0.0,
                    0.0,
                    1.0
                ]
            ],
            "mask_path": "masks/16.png"
        },
        {
            "file_path": "images/17.png",
            "transform_matrix": [
                [
                    -0.5358267949789968,
                    -0.5972676698304027,
                    0.5967922388552797,
                    2.532983776506045
                ],
                [
                    0.8443279255020149,
                    -0.3790375890736005,
                    0.37873587140213727,
                    1.6074803849369905
                ],
                [
                    0.0,
                    0.706825181105366,
                    0.7073882691671997,
                    2.5
                ],
                [
                    0.0,
                    0.0,
                    0.0,
                    1.0
                ]
            ],
            "mask_path": "masks/17.png"
        },
        {
            "file_path": "images/18.png",
            "transform_matrix": [
                [
                    -0.6374239897486897,
                    -0.5450520291775719,
                    0.54461816236908,
                    2.311539728327368
                ],
                [
                    0.7705132427757891,
                    -0.45090625283397656,
                    0.45054732699502265,
                    1.9122719692460697
                ],
                [
                    0.0,
                    0.7068251811053661,
                    0.7073882691671998,
                    2.5000000000000004
                ],
                [
                    0.0,
                    0.0,
                    0.0,
                    1.0
                ]
            ],
            "mask_path": "masks/18.png"
        },
        {
            "file_path": "images/19.png",
            "transform_matrix": [
                [
                    -0.7289686274214112,
                    -0.4842405924263109,
                    0.48385513212319964,
                    2.0536413177860666
                ],
                [
                    0.6845471059286887,
                    -0.5156638556288214,
                    0.5152533820972691,
                    2.186905882264234
                ],
                [
                    0.0,
                    0.706825181105366,
                    0.7073882691671997,
                    2.5
                ],
                [
                    0.0,
                    0.0,
                    0.0,
                    1.0
                ]
            ],
            "mask_path": "masks/19.png"
        },
        {
            "file_path": "images/20.png",
            "transform_matrix": [
                [
                    -0.8090169943749475,
                    -0.4157923922611784,
                    0.4154614174026906,
                    1.7633557568774196
                ],
                [
                    0.5877852522924731,
                    -0.5722891313777443,
                    0.5718335835663911,
                    2.427050983124843
                ],
                [
                    0.0,
                    0.7068251811053661,
                    0.7073882691671998,
                    2.5000000000000004
                ],
                [
                    0.0,
                    0.0,
                    0.0,
                    1.0
                ]
            ],
            "mask_path": "masks/20.png"
        },
        {
            "file_path": "images/21.png",
            "transform_matrix": [
                [
                    -0.8763066800438637,
                    -0.3407868976877515,
                    0.3405156279451203,
                    1.4452610223051456
                ],
                [
                    0.48175367410171516,
                    -0.6198890656558839,
                    0.619395627825846,
                    2.6289200401315913
                ],
                [
                    0.0,
                    0.7068251811053661,
                    0.7073882691671998,
                    2.5000000000000004
                ],
                [
                    0.0,
                    0.0,
                    0.0,
                    1.0
                ]
            ],
            "mask_path": "masks/21.png"
        },
        {
            "file_path": "images/22.png",
            "transform_matrix": [
                [
                    -0.9297764858882511,
                    -0.26040699016156404,
                    0.26019970362067946,
                    1.1043736580540344
                ],
                [
                    0.3681245526846781,
                    -0.6577129790648513,
                    0.657189433025474,
                    2.7893294576647536
                ],
                [
                    0.0,
                    0.7068251811053659,
                    0.7073882691671995,
                    2.4999999999999996
                ],
                [
                    0.0,
                    0.0,
                    0.0,
                    1.0
                ]
            ],
            "mask_path": "masks/22.png"
        },
        {
            "file_path": "images/23.png",
            "transform_matrix": [
                [
                    -0.9685831611286309,
                    -0.17592030884093313,
                    0.17578027453437184,
                    0.7460696614945657
                ],
                [
                    0.2486898871648552,
                    -0.6851643658952771,
                    0.6846189682803524,
                    2.905749483385893
                ],
                [
                    0.0,
                    0.7068251811053659,
                    0.7073882691671995,
                    2.4999999999999996
                ],
                [
                    0.0,
                    0.0,
                    0.0,
                    1.0
                ]
            ],
            "mask_path": "masks/23.png"
        },
        {
            "file_path": "images/24.png",
            "transform_matrix": [
                [
                    -0.9921147013144779,
                    -0.08865925916018177,
                    0.0885886855126107,
                    0.37599970069291366
                ],
                [
                    0.12533323356430454,
                    -0.7018103013781819,
                    0.701251653433902,
                    2.976344103943434
                ],
                [
                    0.0,
                    0.7068251811053661,
                    0.7073882691671998,
                    2.5000000000000004
                ],
                [
                    0.0,
                    0.0,
                    0.0,
                    1.0
                ]
            ],
            "mask_path": "masks/24.png"
        },
        {
            "file_path": "images/25.png",
            "transform_matrix": [
                [
                    -0.9999999999999999,
                    -8.663007795899974e-17,
                    8.656111955974346e-17,
                    3.6739403974420594e-16
                ],
                [
                    1.224646799147353e-16,
                    -0.7073882691671997,
                    0.706825181105366,
                    3.0
                ],
                [
                    0.0,
                    0.706825181105366,
                    0.7073882691671997,
                    2.5
                ],
                [
                    0.0,
                    0.0,
                    0.0,
                    1.0
                ]
            ],
            "mask_path": "masks/25.png"
        },
        {
            "file_path": "images/26.png",
            "transform_matrix": [
                [
                    -0.9921147013144779,
                    0.08865925916018161,
                    -0.08858868551261052,
                    -0.37599970069291294
                ],
                [
                    -0.12533323356430429,
                    -0.7018103013781819,
                    0.701251653433902,
                    2.976344103943434
                ],
                [
                    0.0,
                    0.7068251811053661,
                    0.7073882691671998,
                    2.5000000000000004
                ],
                [
                    0.0,
                    0.0,
                    0.0,
                    1.0
                ]
            ],
            "mask_path": "masks/26.png"
        },
        {
            "file_path": "images/27.png",
            "transform_matrix": [
                [
                    -0.9685831611286309,
                    0.17592030884093265,
                    -0.17578027453437137,
                    -0.7460696614945637
                ],
                [
                    -0.24868988716485455,
                    -0.6851643658952771,
                    0.6846189682803524,
                    2.905749483385893
                ],
                [
                    0.0,
                    0.7068251811053659,
                    0.7073882691671995,
                    2.4999999999999996
                ],
                [
                    0.0,
                    0.0,
                    0.0,
                    1.0
                ]
            ],
            "mask_path": "masks/27.png"
        },
        {
            "file_path": "images/28.png",
            "transform_matrix": [
                [
                    -0.9297764858882516,
                    0.26040699016156393,
                    -0.26019970362067935,
                    -1.104373658054034
                ],
                [
                    -0.3681245526846779,
                    -0.6577129790648516,
                    0.6571894330254743,
                    2.789329457664755
                ],
                [
                    0.0,
                    0.7068251811053661,
                    0.7073882691671998,
                    2.5000000000000004
                ],
                [
                    0.0,
                    0.0,
                    0.0,
                    1.0
                ]
            ],
            "mask_path": "masks/28.png"
        },
        {
            "file_path": "images/29.png",
            "transform_matrix": [
                [
                    -0.8763066800438634,
                    0.3407868976877516,
                    -0.3405156279451204,
                    -1.445261022305146
                ],
                [
                    -0.4817536741017153,
                    -0.6198890656558836,
                    0.6193956278258458,
                    2.6289200401315904
                ],
                [
                    0.0,
                    0.706825181105366,
                    0.7073882691671997,
                    2.5
                ],
                [
                    0.0,
                    0.0,
                    0.0,
                    1.0
                ]
            ],
            "mask_path": "masks/29.png"
        },
        {
            "file_path": "images/30.png",
            "transform_matrix": [
                [
                    -0.8090169943749479,
                    0.41579239226117803,
                    -0.4154614174026902,
                    -1.763355756877418
                ],
                [
                    -0.5877852522924726,
                    -0.5722891313777446,
                    0.5718335835663915,
                    2.427050983124844
                ],
                [
                    0.0,
                    0.7068251811053661,
                    0.7073882691671998,
                    2.5000000000000004
                ],
                [
                    0.0,
                    0.0,
                    0.0,
                    1.0
                ]
            ],
            "mask_path": "masks/30.png"
        },
        {
            "file_path": "images/31.png",
            "transform_matrix": [
                [
                    -0.7289686274214117,
                    0.48424059242631046,
                    -0.48385513212319925,
                    -2.053641317786065
                ],
                [
                    -0.6845471059286882,
                    -0.5156638556288217,
                    0.5152533820972695,
                    2.1869058822642353
                ],
                [
                    0.0,
                    0.706825181105366,
                    0.7073882691671997,
                    2.5
                ],
                [
                    0.0,
                    0.0,
                    0.0,
                    1.0
                ]
            ],
            "mask_path": "masks/31.png"
        },
        {
            "file_path": "images/32.png",
            "transform_matrix": [
                [
                    -0.6374239897486894,
                    0.5450520291775719,
                    -0.54461816236908,
                    -2.311539728327368
                ],
                [
                    -0.7705132427757891,
                    -0.4509062528339763,
                    0.4505473269950224,
                    1.9122719692460686
                ],
                [
                    0.0,
                    0.706825181105366,
                    0.7073882691671997,
                    2.5
                ],
                [
                    0.0,
                    0.0,
                    0.0,
                    1.0
                ]
            ],
            "mask_path": "masks/32.png"
        },
        {
            "file_path": "images/33.png",
            "transform_matrix": [
                [
                    -0.5358267949789962,
                    0.5972676698304029,
                    -0.5967922388552799,
                    -2.532983776506046
                ],
                [
                    -0.8443279255020152,
                    -0.37903758907360013,
                    0.3787358714021369,
                    1.607480384936989
                ],
                [
                    0.0,
                    0.706825181105366,
                    0.7073882691671997,
                    2.5
                ],
                [
                    0.0,
                    0.0,
                    0.0,
                    1.0
                ]
            ],
            "mask_path": "masks/33.png"
        },
        {
            "file_path": "images/34.png",
            "transform_matrix": [
                [
                    -0.4257792915650721,
                    0.6400640425395967,
                    -0.6395545452283289,
                    -2.714481157398059
                ],
                [
                    -0.9048270524660197,
                    -0.30119127610745283,
                    0.30095152487139654,
                    1.2773378746952164
                ],
                [
                    0.0,
                    0.706825181105366,
                    0.7073882691671997,
                    2.5
                ],
                [
                    0.0,
                    0.0,
                    0.0,
                    1.0
                ]
            ],
            "mask_path": "masks/34.png"
        },
        {
            "file_path": "images/35.png",
            "transform_matrix": [
                [
                    -0.3090169943749475,
                    0.6727662229422152,
                    -0.6722306943717602,
                    -2.85316954888546
                ],
                [
                    -0.9510565162951533,
                    -0.21859499679414443,
                    0.21842099301370815,
                    0.9270509831248427
                ],
                [
                    0.0,
                    0.7068251811053659,
                    0.7073882691671995,
                    2.4999999999999996
                ],
                [
                    0.0,
                    0.0,
                    0.0,
                    1.0
                ]
            ],
            "mask_path": "masks/35.png"
        },
        {
            "file_path": "images/36.png",
            "transform_matrix": [
                [
                    -0.18738131458572452,
                    0.6948584781179742,
                    -0.6943053638937974,
                    -2.946861752186066
                ],
                [
                    -0.9822872507286886,
                    -0.13255134379907024,
                    0.1324458316178163,
                    0.5621439437571736
                ],
                [
                    0.0,
                    0.706825181105366,
                    0.7073882691671997,
                    2.5
                ],
                [
                    0.0,
                    0.0,
                    0.0,
                    1.0
                ]
            ],
            "mask_path": "masks/36.png"
        },
        {
            "file_path": "images/37.png",
            "transform_matrix": [
                [
                    -0.06279051952931312,
                    0.7059924000054778,
                    -0.7054304230693089,
                    -2.9940801852848145
                ],
                [
                    -0.9980267284282714,
                    -0.04441727692995007,
                    0.044381920338006774,
                    0.1883715585879394
                ],
                [
                    0.0,
                    0.7068251811053659,
                    0.7073882691671995,
                    2.4999999999999996
                ],
                [
                    0.0,
                    0.0,
                    0.0,
                    1.0
                ]
            ],
            "mask_path": "masks/37.png"
        },
        {
            "file_path": "images/38.png",
            "transform_matrix": [
                [
                    0.06279051952931285,
                    0.7059924000054778,
                    -0.7054304230693089,
                    -2.9940801852848145
                ],
                [
                    -0.9980267284282714,
                    0.04441727692994987,
                    -0.04438192033800658,
                    -0.18837155858793858
                ],
                [
                    0.0,
                    0.706825181105366,
                    0.7073882691671997,
                    2.5
                ],
                [
                    0.0,
                    0.0,
                    0.0,
                    1.0
                ]
            ],
            "mask_path": "masks/38.png"
        },
        {
            "file_path": "images/39.png",
            "transform_matrix": [
                [
                    0.1873813145857243,
                    0.6948584781179743,
                    -0.6943053638937975,
                    -2.9468617521860665
                ],
                [
                    -0.9822872507286887,
                    0.13255134379907008,
                    -0.13244583161781615,
                    -0.5621439437571729
                ],
                [
                    0.0,
                    0.706825181105366,
                    0.7073882691671997,
                    2.5
                ],
                [
                    0.0,
                    0.0,
                    0.0,
                    1.0
                ]
            ],
            "mask_path": "masks/39.png"
        },
        {
            "file_path": "images/40.png",
            "transform_matrix": [
                [
                    0.3090169943749471,
                    0.6727662229422153,
                    -0.6722306943717604,
                    -2.853169548885461
                ],
                [
                    -0.9510565162951535,
                    0.21859499679414415,
                    -0.2184209930137079,
                    -0.9270509831248415
                ],
                [
                    0.0,
                    0.706825181105366,
                    0.7073882691671997,
                    2.5
                ],
                [
                    0.0,
                    0.0,
                    0.0,
                    1.0
                ]
            ],
            "mask_path": "masks/40.png"
        },
        {
            "file_path": "images/41.png",
            "transform_matrix": [
                [
                    0.4257792915650719,
                    0.6400640425395968,
                    -0.639554545228329,
                    -2.7144811573980596
                ],
                [
                    -0.9048270524660198,
                    0.30119127610745267,
                    -0.30095152487139637,
                    -1.2773378746952158
                ],
                [
                    0.0,
                    0.706825181105366,
                    0.7073882691671997,
                    2.5
                ],
                [
                    0.0,
                    0.0,
                    0.0,
                    1.0
                ]
            ],
            "mask_path": "masks/41.png"
        },
        {
            "file_path": "images/42.png",
            "transform_matrix": [
                [
                    0.5358267949789965,
                    0.5972676698304027,
                    -0.5967922388552797,
                    -2.532983776506045
                ],
                [
                    -0.8443279255020149,
                    0.3790375890736004,
                    -0.3787358714021371,
                    -1.60748038493699
                ],
                [
                    0.0,
                    0.7068251811053659,
                    0.7073882691671995,
                    2.4999999999999996
                ],
                [
                    0.0,
                    0.0,
                    0.0,
                    1.0
                ]
            ],
            "mask_path": "masks/42.png"
        },
        {
            "file_path": "images/43.png",
            "transform_matrix": [
                [
                    0.6374239897486891,
                    0.545052029177572,
                    -0.5446181623690802,
                    -2.3115397283273684
                ],
                [
                    -0.7705132427757894,
                    0.45090625283397606,
                    -0.4505473269950222,
                    -1.9122719692460675
                ],
                [
                    0.0,
                    0.7068251811053659,
                    0.7073882691671995,
                    2.4999999999999996
                ],
                [
                    0.0,
                    0.0,
                    0.0,
                    1.0
                ]
            ],
            "mask_path": "masks/43.png"
        },
        {
            "file_path": "images/44.png",
            "transform_matrix": [
                [
                    0.7289686274214112,
                    0.48424059242631096,
                    -0.4838551321231997,
                    -2.0536413177860666
                ],
                [
                    -0.6845471059286888,
                    0.5156638556288214,
                    -0.5152533820972691,
                    -2.186905882264234
                ],
                [
                    0.0,
                    0.706825181105366,
                    0.7073882691671997,
                    2.5
                ],
                [
                    0.0,
                    0.0,
                    0.0,
                    1.0
                ]
            ],
            "mask_path": "masks/44.png"
        },
        {
            "file_path": "images/45.png",
            "transform_matrix": [
                [
                    0.8090169943749471,
                    0.4157923922611784,
                    -0.4154614174026906,
                    -1.7633557568774196
                ],
                [
                    -0.5877852522924731,
                    0.5722891313777441,
                    -0.5718335835663909,
                    -2.4270509831248415
                ],
                [
                    0.0,
                    0.706825181105366,
                    0.7073882691671997,
                    2.5
                ],
                [
                    0.0,
                    0.0,
                    0.0,
                    1.0
                ]
            ],
            "mask_path": "masks/45.png"
        },
        {
            "file_path": "images/46.png",
            "transform_matrix": [
                [
                    0.8763066800438629,
                    0.3407868976877521,
                    -0.3405156279451209,
                    -1.445261022305148
                ],
                [
                    -0.481753674101716,
                    0.6198890656558833,
                    -0.6193956278258455,
                    -2.628920040131589
                ],
                [
