{
    "focal_length": 50.0,
    "fov_x": 1.05,
    "w": 1280,
    "h": 720,
    "pixel_width": 0.1361965085924352,
    "pixel_height": 0.1361965085924352,
    "fl_x": 367.11660612111433,
    "fl_y": 367.11660612111433,
    "cx": 640,
    "cy": 360,
    "camera_model": "OPENCV",
    "frames": [
        {
            "file_path": "images/0.png",
            "transform_matrix": [
                [
                    -1.0,
                    1.2246467991473532e-16,
                    0.0,
                    0.0
                ],
                [
                    -1.2246467991473532e-16,
                    -1.0,
                    0.0,
                    0.0
                ],
                [
                    0.0,
                    0.0,
                    1.0,
                    15.0
                ],
                [
                    0.0,
                    0.0,
                    0.0,
                    1.0
                ]
            ]
        },
        {
            "file_path": "images/1.png",
            "transform_matrix": [
                [
                    -0.9848077530122081,
                    0.17364817766693028,
                    0.0,
                    0.0
                ],
                [
                    -0.17364817766693028,
                    -0.9848077530122081,
                    0.0,
                    0.0
                ],
                [
                    0.0,
                    0.0,
                    1.0,
                    15.0
                ],
                [
                    0.0,
                    0.0,
                    0.0,
                    1.0
                ]
            ]
        },
        {
            "file_path": "images/2.png",
            "transform_matrix": [
                [
                    -0.9396926207859083,
                    0.3420201433256688,
                    0.0,
                    0.0
                ],
                [
                    -0.3420201433256688,
                    -0.9396926207859083,
                    0.0,
                    0.0
                ],
                [
                    0.0,
                    0.0,
                    0.9999999999999999,
                    14.999999999999998
                ],
                [
                    0.0,
                    0.0,
                    0.0,
                    1.0
                ]
            ]
        },
        {
            "file_path": "images/3.png",
            "transform_matrix": [
                [
                    -0.8660254037844387,
                    0.49999999999999994,
                    0.0,
                    0.0
                ],
                [
                    -0.49999999999999994,
                    -0.8660254037844387,
                    0.0,
                    0.0
                ],
                [
                    0.0,
                    0.0,
                    1.0,
                    15.0
                ],
                [
                    0.0,
                    0.0,
                    0.0,
                    1.0
                ]
            ]
        },
        {
            "file_path": "images/4.png",
            "transform_matrix": [
                [
                    -0.7660444431189778,
                    0.6427876096865395,
                    0.0,
                    0.0
                ],
                [
                    -0.6427876096865395,
                    -0.7660444431189778,
                    0.0,
                    0.0
                ],
                [
                    0.0,
                    0.0,
                    0.9999999999999999,
                    14.999999999999998
                ],
                [
                    0.0,
                    0.0,
                    0.0,
                    1.0
                ]
            ]
        },
        {
            "file_path": "images/5.png",
            "transform_matrix": [
                [
                    -0.6427876096865393,
                    0.766044443118978,
                    0.0,
                    0.0
                ],
                [
                    -0.766044443118978,
                    -0.6427876096865393,
                    0.0,
                    0.0
                ],
                [
                    0.0,
                    0.0,
                    1.0,
                    15.0
                ],
                [
                    0.0,
                    0.0,
                    0.0,
                    1.0
                ]
            ]
        },
        {
            "file_path": "images/6.png",
            "transform_matrix": [
                [
                    -0.4999999999999998,
                    0.8660254037844388,
                    0.0,
                    0.0
                ],
                [
                    -0.8660254037844388,
                    -0.4999999999999998,
                    0.0,
                    0.0
                ],
                [
                    0.0,
                    0.0,
                    1.0,
                    15.0
                ],
                [
                    0.0,
                    0.0,
                    0.0,
                    1.0
                ]
            ]
        },
        {
            "file_path": "images/7.png",
            "transform_matrix": [
                [
                    -0.3420201433256686,
                    0.9396926207859085,
                    0.0,
                    0.0
                ],
                [
                    -0.9396926207859085,
                    -0.3420201433256686,
                    0.0,
                    0.0
                ],
                [
                    0.0,
                    0.0,
                    1.0,
                    15.0
                ],
                [
                    0.0,
                    0.0,
                    0.0,
                    1.0
                ]
            ]
        },
        {
            "file_path": "images/8.png",
            "transform_matrix": [
                [
                    -0.1736481776669303,
                    0.9848077530122081,
                    0.0,
                    0.0
                ],
                [
                    -0.9848077530122081,
                    -0.1736481776669303,
                    0.0,
                    0.0
                ],
                [
                    0.0,
                    0.0,
                    1.0,
                    15.0
                ],
                [
                    0.0,
                    0.0,
                    0.0,
                    1.0
                ]
            ]
        },
        {
            "file_path": "images/9.png",
            "transform_matrix": [
                [
                    2.220446049250313e-16,
                    1.0,
                    0.0,
                    0.0
                ],
                [
                    -1.0,
                    2.220446049250313e-16,
                    0.0,
                    0.0
                ],
                [
                    0.0,
                    0.0,
                    1.0,
                    15.0
                ],
                [
                    0.0,
                    0.0,
                    0.0,
                    1.0
                ]
            ]
        },
        {
            "file_path": "images/10.png",
            "transform_matrix": [
                [
                    0.17364817766693041,
                    0.9848077530122079,
                    0.0,
                    0.0
                ],
                [
                    -0.9848077530122079,
                    0.17364817766693041,
                    0.0,
                    0.0
                ],
                [
                    0.0,
                    0.0,
                    0.9999999999999999,
                    14.999999999999998
                ],
                [
                    0.0,
                    0.0,
                    0.0,
                    1.0
                ]
            ]
        },
        {
            "file_path": "images/11.png",
            "transform_matrix": [
                [
                    0.34202014332566877,
                    0.9396926207859083,
                    0.0,
                    0.0
                ],
                [
                    -0.9396926207859083,
                    0.34202014332566877,
                    0.0,
                    0.0
                ],
                [
                    0.0,
                    0.0,
                    0.9999999999999999,
                    14.999999999999998
                ],
                [
                    0.0,
                    0.0,
                    0.0,
                    1.0
                ]
            ]
        },
        {
            "file_path": "images/12.png",
            "transform_matrix": [
                [
                    0.5000000000000002,
                    0.8660254037844386,
                    0.0,
                    0.0
                ],
                [
                    -0.8660254037844386,
                    0.5000000000000002,
                    0.0,
                    0.0
                ],
                [
                    0.0,
                    0.0,
                    1.0,
                    15.0
                ],
                [
                    0.0,
                    0.0,
                    0.0,
                    1.0
                ]
            ]
        },
        {
            "file_path": "images/13.png",
            "transform_matrix": [
                [
                    0.6427876096865393,
                    0.766044443118978,
                    0.0,
                    0.0
                ],
                [
                    -0.766044443118978,
                    0.6427876096865393,
                    0.0,
                    0.0
                ],
                [
                    0.0,
                    0.0,
                    1.0,
                    15.0
                ],
                [
                    0.0,
                    0.0,
                    0.0,
                    1.0
                ]
            ]
        },
        {
            "file_path": "images/14.png",
            "transform_matrix": [
                [
                    0.7660444431189781,
                    0.6427876096865394,
                    0.0,
                    0.0
                ],
                [
                    -0.6427876096865394,
                    0.7660444431189781,
                    0.0,
                    0.0
                ],
                [
                    0.0,
                    0.0,
                    1.0,
                    15.0
                ],
                [
                    0.0,
                    0.0,
                    0.0,
                    1.0
                ]
            ]
        },
        {
            "file_path": "images/15.png",
            "transform_matrix": [
                [
                    0.8660254037844387,
                    0.49999999999999994,
                    0.0,
                    0.0
                ],
                [
                    -0.49999999999999994,
                    0.8660254037844387,
                    0.0,
                    0.0
                ],
                [
                    0.0,
                    0.0,
                    1.0,
                    15.0
                ],
                [
                    0.0,
                    0.0,
                    0.0,
                    1.0
                ]
            ]
        },
        {
            "file_path": "images/16.png",
            "transform_matrix": [
                [
                    0.9396926207859083,
                    0.34202014332566866,
                    0.0,
                    0.0
                ],
                [
                    -0.34202014332566866,
                    0.9396926207859083,
                    0.0,
                    0.0
                ],
                [
                    0.0,
                    0.0,
                    0.9999999999999999,
                    14.999999999999998
                ],
                [
                    0.0,
                    0.0,
                    0.0,
                    1.0
                ]
            ]
        },
        {
            "file_path": "images/17.png",
            "transform_matrix": [
                [
                    0.9848077530122081,
                    0.17364817766693033,
                    0.0,
                    0.0
                ],
                [
                    -0.17364817766693033,
                    0.9848077530122081,
                    0.0,
                    0.0
                ],
                [
                    0.0,
                    0.0,
                    1.0,
                    15.0
                ],
                [
                    0.0,
                    0.0,
                    0.0,
                    1.0
                ]
            ]
        },
        {
            "file_path": "images/18.png",
            "transform_matrix": [
                [
                    1.0,
                    0.0,
                    0.0,
                    0.0
                ],
                [
                    0.0,
                    1.0,
                    0.0,
                    0.0
                ],
                [
                    0.0,
                    0.0,
                    1.0,
                    15.0
                ],
                [
                    0.0,
                    0.0,
                    0.0,
                    1.0
                ]
            ]
        },
        {
            "file_path": "images/19.png",
            "transform_matrix": [
                [
                    0.9848077530122081,
                    -0.17364817766693033,
                    0.0,
                    0.0
                ],
                [
                    0.17364817766693033,
                    0.9848077530122081,
                    0.0,
                    0.0
                ],
                [
                    0.0,
                    0.0,
                    1.0,
                    15.0
                ],
                [
                    0.0,
                    0.0,
                    0.0,
                    1.0
                ]
            ]
        },
        {
            "file_path": "images/20.png",
            "transform_matrix": [
                [
                    0.9396926207859083,
                    -0.34202014332566866,
                    0.0,
                    0.0
                ],
                [
                    0.34202014332566866,
                    0.9396926207859083,
                    0.0,
                    0.0
                ],
                [
                    0.0,
                    0.0,
                    0.9999999999999999,
                    14.999999999999998
                ],
                [
                    0.0,
                    0.0,
                    0.0,
                    1.0
                ]
            ]
        },
        {
            "file_path": "images/21.png",
            "transform_matrix": [
                [
                    0.8660254037844387,
                    -0.49999999999999994,
                    0.0,
                    0.0
                ],
                [
                    0.49999999999999994,
                    0.8660254037844387,
                    0.0,
                    0.0
                ],
                [
                    0.0,
                    0.0,
                    1.0,
                    15.0
                ],
                [
                    0.0,
                    0.0,
                    0.0,
                    1.0
                ]
            ]
        },
        {
            "file_path": "images/22.png",
            "transform_matrix": [
                [
                    0.7660444431189781,
                    -0.6427876096865394,
                    0.0,
                    0.0
                ],
                [
                    0.6427876096865394,
                    0.7660444431189781,
                    0.0,
                    0.0
                ],
                [
                    0.0,
                    0.0,
                    1.0,
                    15.0
                ],
                [
                    0.0,
                    0.0,
                    0.0,
                    1.0
                ]
            ]
        },
        {
            "file_path": "images/23.png",
            "transform_matrix": [
                [
                    0.6427876096865393,
                    -0.766044443118978,
                    0.0,
                    0.0
                ],
                [
                    0.766044443118978,
                    0.6427876096865393,
                    0.0,
                    0.0
                ],
                [
                    0.0,
                    0.0,
                    1.0,
                    15.0
                ],
                [
                    0.0,
                    0.0,
                    0.0,
                    1.0
                ]
            ]
        },
        {
            "file_path": "images/24.png",
            "transform_matrix": [
                [
                    0.5000000000000002,
                    -0.8660254037844386,
                    0.0,
                    0.0
                ],
                [
                    0.8660254037844386,
                    0.5000000000000002,
                    0.0,
                    0.0
                ],
                [
                    0.0,
                    0.0,
                    1.0,
                    15.0
                ],
                [
                    0.0,
                    0.0,
                    0.0,
                    1.0
                ]
            ]
        },
        {
            "file_path": "images/25.png",
            "transform_matrix": [
                [
                    0.34202014332566877,
                    -0.9396926207859083,
                    0.0,
                    0.0
                ],
                [
                    0.9396926207859083,
                    0.34202014332566877,
                    0.0,
                    0.0
                ],
                [
                    0.0,
                    0.0,
                    0.9999999999999999,
                    14.999999999999998
                ],
                [
                    0.0,
                    0.0,
                    0.0,
                    1.0
                ]
            ]
        },
        {
            "file_path": "images/26.png",
            "transform_matrix": [
                [
                    0.17364817766693041,
                    -0.9848077530122079,
                    0.0,
                    0.0
                ],
                [
                    0.9848077530122079,
                    0.17364817766693041,
                    0.0,
                    0.0
                ],
                [
                    0.0,
                    0.0,
                    0.9999999999999999,
                    14.999999999999998
                ],
                [
                    0.0,
                    0.0,
                    0.0,
                    1.0
                ]
            ]
        },
        {
            "file_path": "images/27.png",
            "transform_matrix": [
                [
                    2.220446049250313e-16,
                    -1.0,
                    0.0,
                    0.0
                ],
                [
                    1.0,
                    2.220446049250313e-16,
                    0.0,
                    0.0
                ],
                [
                    0.0,
                    0.0,
                    1.0,
                    15.0
                ],
                [
                    0.0,
                    0.0,
                    0.0,
                    1.0
                ]
            ]
        },
        {
            "file_path": "images/28.png",
            "transform_matrix": [
                [
                    -0.1736481776669303,
                    -0.9848077530122081,
                    0.0,
                    0.0
                ],
                [
                    0.9848077530122081,
                    -0.1736481776669303,
                    0.0,
                    0.0
                ],
                [
                    0.0,
                    0.0,
                    1.0,
                    15.0
                ],
                [
                    0.0,
                    0.0,
                    0.0,
                    1.0
                ]
            ]
        },
        {
            "file_path": "images/29.png",
            "transform_matrix": [
                [
                    -0.3420201433256686,
                    -0.9396926207859085,
                    0.0,
                    0.0
                ],
                [
                    0.9396926207859085,
                    -0.3420201433256686,
                    0.0,
                    0.0
                ],
                [
                    0.0,
                    0.0,
                    1.0,
                    15.0
                ],
                [
                    0.0,
                    0.0,
                    0.0,
                    1.0
                ]
            ]
        },
        {
            "file_path": "images/30.png",
            "transform_matrix": [
                [
                    -0.4999999999999998,
                    -0.8660254037844388,
                    0.0,
                    0.0
                ],
                [
                    0.8660254037844388,
                    -0.4999999999999998,
                    0.0,
                    0.0
                ],
                [
                    0.0,
                    0.0,
                    1.0,
                    15.0
                ],
                [
                    0.0,
                    0.0,
                    0.0,
                    1.0
                ]
            ]
        },
        {
            "file_path": "images/31.png",
            "transform_matrix": [
                [
                    -0.6427876096865393,
                    -0.766044443118978,
                    0.0,
                    0.0
                ],
                [
                    0.766044443118978,
                    -0.6427876096865393,
                    0.0,
                    0.0
                ],
                [
                    0.0,
                    0.0,
                    1.0,
                    15.0
                ],
                [
                    0.0,
                    0.0,
                    0.0,
                    1.0
                ]
            ]
        },
        {
            "file_path": "images/32.png",
            "transform_matrix": [
                [
                    -0.7660444431189778,
                    -0.6427876096865395,
                    0.0,
                    0.0
                ],
                [
                    0.6427876096865395,
                    -0.7660444431189778,
                    0.0,
                    0.0
                ],
                [
                    0.0,
                    0.0,
                    0.9999999999999999,
                    14.999999999999998
                ],
                [
                    0.0,
                    0.0,
                    0.0,
                    1.0
                ]
            ]
        },
        {
            "file_path": "images/33.png",
            "transform_matrix": [
                [
                    -0.8660254037844387,
                    -0.49999999999999994,
                    0.0,
                    0.0
                ],
                [
                    0.49999999999999994,
                    -0.8660254037844387,
                    0.0,
                    0.0
                ],
                [
                    0.0,
                    0.0,
                    1.0,
                    15.0
                ],
                [
                    0.0,
                    0.0,
                    0.0,
                    1.0
                ]
            ]
        },
        {
            "file_path": "images/34.png",
            "transform_matrix": [
                [
                    -0.9396926207859083,
                    -0.3420201433256688,
                    0.0,
                    0.0
                ],
                [
                    0.3420201433256688,
                    -0.9396926207859083,
                    0.0,
                    0.0
                ],
                [
                    0.0,
                    0.0,
                    0.9999999999999999,
                    14.999999999999998
                ],
                [
                    0.0,
                    0.0,
                    0.0,
                    1.0
                ]
            ]
        },
        {
            "file_path": "images/35.png",
            "transform_matrix": [
                [
                    -0.9848077530122081,
                    -0.17364817766693028,
                    0.0,
                    0.0
                ],
                [
                    0.17364817766693028,
                    -0.9848077530122081,
                    0.0,
                    0.0
                ],
                [
                    0.0,
                    0.0,
                    1.0,
                    15.0
                ],
                [
                    0.0,
                    0.0,
                    0.0,
                    1.0
                ]
            ]
        },
        {
            "file_path": "images/36.png",
            "transform_matrix": [
                [
                    -1.0,
                    1.2060416625018979e-16,
                    -2.1265768495757716e-17,
                    -3.1898652743636576e-16
                ],
                [
                    -1.2246467991473535e-16,
                    -0.9848077530122081,
                    0.17364817766693033,
                    2.6047226650039548
                ],
                [
                    0.0,
                    0.17364817766693033,
                    0.9848077530122081,
                    14.772116295183121
                ],
                [
                    0.0,
                    0.0,
                    0.0,
                    1.0
                ]
            ]
        },
        {
            "file_path": "images/37.png",
            "transform_matrix": [
                [
                    -0.9848077530122082,
                    0.1710100716628343,
                    -0.030153689607045793,
                    -0.4523053441056869
                ],
                [
                    -0.17364817766693028,
                    -0.9698463103929543,
                    0.17101007166283436,
                    2.5651510749425155
                ],
                [
                    0.0,
                    0.17364817766693033,
                    0.9848077530122081,
                    14.772116295183121
                ],
                [
                    0.0,
                    0.0,
                    0.0,
                    1.0
                ]
            ]
        },
        {
            "file_path": "images/38.png",
            "transform_matrix": [
                [
                    -0.9396926207859082,
                    0.3368240888334653,
                    -0.05939117461388472,
                    -0.8908676192082707
                ],
                [
                    -0.3420201433256688,
                    -0.9254165783983233,
                    0.16317591116653482,
                    2.447638667498022
                ],
                [
                    0.0,
                    0.17364817766693033,
                    0.984807753012208,
                    14.772116295183121
                ],
                [
                    0.0,
                    0.0,
                    0.0,
                    1.0
                ]
            ]
        },
        {
            "file_path": "images/39.png",
            "transform_matrix": [
                [
                    -0.8660254037844387,
                    0.49240387650610407,
                    -0.08682408883346517,
                    -1.3023613325019774
                ],
                [
                    -0.5,
                    -0.8528685319524433,
                    0.1503837331804353,
                    2.2557559977065296
                ],
                [
                    0.0,
                    0.17364817766693036,
                    0.9848077530122082,
                    14.772116295183123
                ],
                [
                    0.0,
                    0.0,
                    0.0,
                    1.0
                ]
            ]
        },
        {
            "file_path": "images/40.png",
            "transform_matrix": [
                [
                    -0.766044443118978,
                    0.6330222215594892,
                    -0.11161889704894967,
                    -1.674283455734245
                ],
                [
                    -0.6427876096865395,
                    -0.7544065067354889,
                    0.13302222155948898,
                    1.9953333233923347
                ],
                [
                    -6.938893903907228e-18,
                    0.17364817766693033,
                    0.9848077530122081,
                    14.772116295183121
                ],
                [
                    0.0,
                    0.0,
                    0.0,
                    1.0
                ]
            ]
        },
        {
            "file_path": "images/41.png",
            "transform_matrix": [
                [
                    -0.6427876096865393,
                    0.754406506735489,
                    -0.133022221559489,
                    -1.9953333233923352
                ],
                [
                    -0.7660444431189781,
                    -0.633022221559489,
                    0.11161889704894964,
                    1.6742834557342448
                ],
                [
                    0.0,
                    0.17364817766693033,
                    0.9848077530122081,
                    14.772116295183121
                ],
                [
                    0.0,
                    0.0,
                    0.0,
                    1.0
                ]
            ]
        },
        {
            "file_path": "images/42.png",
            "transform_matrix": [
                [
                    -0.4999999999999999,
                    0.8528685319524434,
                    -0.1503837331804353,
                    -2.2557559977065296
                ],
                [
                    -0.8660254037844388,
                    -0.49240387650610395,
                    0.08682408883346512,
                    1.302361332501977
                ],
                [
                    0.0,
                    0.17364817766693033,
                    0.9848077530122082,
                    14.772116295183123
                ],
                [
                    0.0,
                    0.0,
                    0.0,
                    1.0
                ]
            ]
        },
        {
            "file_path": "images/43.png",
            "transform_matrix": [
                [
                    -0.3420201433256687,
                    0.9254165783983236,
                    -0.16317591116653482,
                    -2.447638667498022
                ],
                [
                    -0.9396926207859085,
                    -0.3368240888334651,
                    0.05939117461388469,
                    0.8908676192082704
                ],
                [
                    0.0,
                    0.17364817766693036,
                    0.9848077530122081,
                    14.772116295183121
                ],
                [
                    0.0,
                    0.0,
                    0.0,
                    1.0
                ]
            ]
        },
        {
            "file_path": "images/44.png",
            "transform_matrix": [
                [
                    -0.17364817766693036,
                    0.9698463103929543,
                    -0.17101007166283438,
                    -2.565151074942516
                ],
                [
                    -0.9848077530122082,
                    -0.17101007166283427,
                    0.0301536896070458,
                    0.452305344105687
                ],
                [
                    -1.3877787807814457e-17,
                    0.17364817766693036,
                    0.9848077530122081,
                    14.772116295183121
                ],
                [
                    0.0,
                    0.0,
                    0.0,
                    1.0
                ]
            ]
        },
        {
            "file_path": "images/45.png",
            "transform_matrix": [
                [
                    1.6653345369377348e-16,
                    0.9848077530122079,
                    -0.17364817766693033,
                    -2.6047226650039548
                ],
                [
                    -0.9999999999999998,
                    1.6653345369377348e-16,
                    -2.7755575615628914e-17,
                    -4.163336342344337e-16
                ],
                [
                    0.0,
                    0.17364817766693033,
                    0.9848077530122079,
                    14.77211629518312
                ],
                [
                    0.0,
                    0.0,
                    0.0,
                    1.0
                ]
            ]
        },
        {
            "file_path": "images/46.png",
            "transform_matrix": [
                [
                    0.17364817766693041,
                    0.9698463103929541,
                    -0.17101007166283433,
                    -2.565151074942515
                ],
                [
                    -0.984807753012208,
                    0.17101007166283444,
                    -0.030153689607045828,
                    -0.4523053441056874
                ],
                [
                    0.0,
                    0.1736481776669303,
                    0.984807753012208,
                    14.772116295183121
                ],
                [
                    0.0,
                    0.0,
                    0.0,
                    1.0
                ]
            ]
        },
        {
            "file_path": "images/47.png",
            "transform_matrix": [
                [
                    0.34202014332566877,
                    0.9254165783983234,
                    -0.1631759111665348,
                    -2.4476386674980217
                ],
                [
                    -0.9396926207859083,
                    0.33682408883346526,
                    -0.05939117461388471,
                    -0.8908676192082707
                ],
                [
                    0.0,
                    0.17364817766693033,
                    0.984807753012208,
                    14.772116295183121
                ],
                [
                    0.0,
                    0.0,
                    0.0,
                    1.0
                ]
            ]
        },
        {
            "file_path": "images/48.png",
            "transform_matrix": [
                [
                    0.5000000000000002,
                    0.8528685319524433,
                    -0.1503837331804353,
                    -2.2557559977065296
                ],
                [
                    -0.8660254037844387,
                    0.49240387650610423,
                    -0.08682408883346521,
                    -1.302361332501978
                ],
                [
                    -1.3877787807814457e-17,
                    0.17364817766693036,
                    0.9848077530122081,
                    14.772116295183121
                ],
                [
                    0.0,
                    0.0,
                    0.0,
                    1.0
                ]
            ]
        },
        {
            "file_path": "images/49.png",
            "transform_matrix": [
                [
                    0.6427876096865393,
                    0.754406506735489,
                    -0.133022221559489,
                    -1.9953333233923352
                ],
                [
                    -0.7660444431189781,
                    0.633022221559489,
                    -0.11161889704894964,
                    -1.6742834557342448
                ],
                [
                    0.0,
                    0.17364817766693033,
                    0.9848077530122081,
                    14.772116295183121
                ],
                [
                    0.0,
                    0.0,
                    0.0,
                    1.0
                ]
            ]
        },
        {
            "file_path": "images/50.png",
            "transform_matrix": [
                [
                    0.7660444431189783,
                    0.6330222215594891,
                    -0.11161889704894964,
                    -1.6742834557342448
                ],
                [
                    -0.6427876096865394,
                    0.7544065067354893,
                    -0.13302222155948906,
                    -1.995333323392336
                ],
                [
                    6.938893903907228e-18,
                    0.17364817766693036,
                    0.9848077530122082,
                    14.772116295183123
                ],
                [
                    0.0,
                    0.0,
                    0.0,
                    1.0
                ]
            ]
        },
        {
            "file_path": "images/51.png",
            "transform_matrix": [
                [
                    0.8660254037844387,
                    0.49240387650610407,
                    -0.08682408883346517,
                    -1.3023613325019774
                ],
                [
                    -0.5,
                    0.8528685319524433,
                    -0.1503837331804353,
                    -2.2557559977065296
                ],
                [
                    0.0,
                    0.17364817766693036,
                    0.9848077530122081,
                    14.772116295183121
                ],
                [
                    0.0,
                    0.0,
                    0.0,
                    1.0
                ]
            ]
        },
        {
            "file_path": "images/52.png",
            "transform_matrix": [
                [
                    0.9396926207859083,
                    0.33682408883346515,
                    -0.05939117461388469,
                    -0.8908676192082704
                ],
                [
                    -0.34202014332566866,
                    0.9254165783983233,
                    -0.16317591116653482,
