{
    "fl_x": 762.72,
    "fl_y": 762.72,
    "w": 1280,
    "h": 720,
    "cx": 640,
    "cy": 360,
    "k1": 0,
    "k2": 0,
    "k3": 0,
    "p1": 0,
    "p2": 0,
    "camera_model": "OPENCV",
    "frames": [
        {
            "file_path": "images/0.png",
            "transform_matrix": [
                [
                    -1.0,
                    1.2246467991473532e-16,
                    0.0,
                    0.0
                ],
                [
                    -1.2246467991473532e-16,
                    -1.0,
                    0.0,
                    0.0
                ],
                [
                    0.0,
                    0.0,
                    1.0,
                    15.0
                ],
                [
                    0.0,
                    0.0,
                    0.0,
                    1.0
                ]
            ]
        },
        {
            "file_path": "images/1.png",
            "transform_matrix": [
                [
                    -0.9659258262890682,
                    0.258819045102521,
                    0.0,
                    0.0
                ],
                [
                    -0.258819045102521,
                    -0.9659258262890682,
                    0.0,
                    0.0
                ],
                [
                    0.0,
                    0.0,
                    1.0,
                    15.0
                ],
                [
                    0.0,
                    0.0,
                    0.0,
                    1.0
                ]
            ]
        },
        {
            "file_path": "images/2.png",
            "transform_matrix": [
                [
                    -0.8660254037844387,
                    0.49999999999999994,
                    0.0,
                    0.0
                ],
                [
                    -0.49999999999999994,
                    -0.8660254037844387,
                    0.0,
                    0.0
                ],
                [
                    0.0,
                    0.0,
                    1.0,
                    15.0
                ],
                [
                    0.0,
                    0.0,
                    0.0,
                    1.0
                ]
            ]
        },
        {
            "file_path": "images/3.png",
            "transform_matrix": [
                [
                    -0.7071067811865475,
                    0.7071067811865477,
                    0.0,
                    0.0
                ],
                [
                    -0.7071067811865477,
                    -0.7071067811865475,
                    0.0,
                    0.0
                ],
                [
                    0.0,
                    0.0,
                    1.0,
                    15.0
                ],
                [
                    0.0,
                    0.0,
                    0.0,
                    1.0
                ]
            ]
        },
        {
            "file_path": "images/4.png",
            "transform_matrix": [
                [
                    -0.4999999999999998,
                    0.8660254037844388,
                    0.0,
                    0.0
                ],
                [
                    -0.8660254037844388,
                    -0.4999999999999998,
                    0.0,
                    0.0
                ],
                [
                    0.0,
                    0.0,
                    1.0,
                    15.0
                ],
                [
                    0.0,
                    0.0,
                    0.0,
                    1.0
                ]
            ]
        },
        {
            "file_path": "images/5.png",
            "transform_matrix": [
                [
                    -0.25881904510252074,
                    0.9659258262890683,
                    0.0,
                    0.0
                ],
                [
                    -0.9659258262890683,
                    -0.25881904510252074,
                    0.0,
                    0.0
                ],
                [
                    0.0,
                    0.0,
                    1.0,
                    15.0
                ],
                [
                    0.0,
                    0.0,
                    0.0,
                    1.0
                ]
            ]
        },
        {
            "file_path": "images/6.png",
            "transform_matrix": [
                [
                    2.220446049250313e-16,
                    1.0,
                    0.0,
                    0.0
                ],
                [
                    -1.0,
                    2.220446049250313e-16,
                    0.0,
                    0.0
                ],
                [
                    0.0,
                    0.0,
                    1.0,
                    15.0
                ],
                [
                    0.0,
                    0.0,
                    0.0,
                    1.0
                ]
            ]
        },
        {
            "file_path": "images/7.png",
            "transform_matrix": [
                [
                    0.25881904510252074,
                    0.9659258262890683,
                    0.0,
                    0.0
                ],
                [
                    -0.9659258262890683,
                    0.25881904510252074,
                    0.0,
                    0.0
                ],
                [
                    0.0,
                    0.0,
                    1.0,
                    15.0
                ],
                [
                    0.0,
                    0.0,
                    0.0,
                    1.0
                ]
            ]
        },
        {
            "file_path": "images/8.png",
            "transform_matrix": [
                [
                    0.5000000000000002,
                    0.8660254037844386,
                    0.0,
                    0.0
                ],
                [
                    -0.8660254037844386,
                    0.5000000000000002,
                    0.0,
                    0.0
                ],
                [
                    0.0,
                    0.0,
                    1.0,
                    15.0
                ],
                [
                    0.0,
                    0.0,
                    0.0,
                    1.0
                ]
            ]
        },
        {
            "file_path": "images/9.png",
            "transform_matrix": [
                [
                    0.7071067811865475,
                    0.7071067811865476,
                    0.0,
                    0.0
                ],
                [
                    -0.7071067811865476,
                    0.7071067811865475,
                    0.0,
                    0.0
                ],
                [
                    0.0,
                    0.0,
                    1.0,
                    15.0
                ],
                [
                    0.0,
                    0.0,
                    0.0,
                    1.0
                ]
            ]
        },
        {
            "file_path": "images/10.png",
            "transform_matrix": [
                [
                    0.8660254037844387,
                    0.49999999999999994,
                    0.0,
                    0.0
                ],
                [
                    -0.49999999999999994,
                    0.8660254037844387,
                    0.0,
                    0.0
                ],
                [
                    0.0,
                    0.0,
                    1.0,
                    15.0
                ],
                [
                    0.0,
                    0.0,
                    0.0,
                    1.0
                ]
            ]
        },
        {
            "file_path": "images/11.png",
            "transform_matrix": [
                [
                    0.9659258262890682,
                    0.25881904510252074,
                    0.0,
                    0.0
                ],
                [
                    -0.25881904510252074,
                    0.9659258262890682,
                    0.0,
                    0.0
                ],
                [
                    0.0,
                    0.0,
                    1.0,
                    15.0
                ],
                [
                    0.0,
                    0.0,
                    0.0,
                    1.0
                ]
            ]
        },
        {
            "file_path": "images/12.png",
            "transform_matrix": [
                [
                    1.0,
                    0.0,
                    0.0,
                    0.0
                ],
                [
                    0.0,
                    1.0,
                    0.0,
                    0.0
                ],
                [
                    0.0,
                    0.0,
                    1.0,
                    15.0
                ],
                [
                    0.0,
                    0.0,
                    0.0,
                    1.0
                ]
            ]
        },
        {
            "file_path": "images/13.png",
            "transform_matrix": [
                [
                    0.9659258262890682,
                    -0.25881904510252074,
                    0.0,
                    0.0
                ],
                [
                    0.25881904510252074,
                    0.9659258262890682,
                    0.0,
                    0.0
                ],
                [
                    0.0,
                    0.0,
                    1.0,
                    15.0
                ],
                [
                    0.0,
                    0.0,
                    0.0,
                    1.0
                ]
            ]
        },
        {
            "file_path": "images/14.png",
            "transform_matrix": [
                [
                    0.8660254037844387,
                    -0.49999999999999994,
                    0.0,
                    0.0
                ],
                [
                    0.49999999999999994,
                    0.8660254037844387,
                    0.0,
                    0.0
                ],
                [
                    0.0,
                    0.0,
                    1.0,
                    15.0
                ],
                [
                    0.0,
                    0.0,
                    0.0,
                    1.0
                ]
            ]
        },
        {
            "file_path": "images/15.png",
            "transform_matrix": [
                [
                    0.7071067811865475,
                    -0.7071067811865476,
                    0.0,
                    0.0
                ],
                [
                    0.7071067811865476,
                    0.7071067811865475,
                    0.0,
                    0.0
                ],
                [
                    0.0,
                    0.0,
                    1.0,
                    15.0
                ],
                [
                    0.0,
                    0.0,
                    0.0,
                    1.0
                ]
            ]
        },
        {
            "file_path": "images/16.png",
            "transform_matrix": [
                [
                    0.5000000000000002,
                    -0.8660254037844386,
                    0.0,
                    0.0
                ],
                [
                    0.8660254037844386,
                    0.5000000000000002,
                    0.0,
                    0.0
                ],
                [
                    0.0,
                    0.0,
                    1.0,
                    15.0
                ],
                [
                    0.0,
                    0.0,
                    0.0,
                    1.0
                ]
            ]
        },
        {
            "file_path": "images/17.png",
            "transform_matrix": [
                [
                    0.25881904510252074,
                    -0.9659258262890683,
                    0.0,
                    0.0
                ],
                [
                    0.9659258262890683,
                    0.25881904510252074,
                    0.0,
                    0.0
                ],
                [
                    0.0,
                    0.0,
                    1.0,
                    15.0
                ],
                [
                    0.0,
                    0.0,
                    0.0,
                    1.0
                ]
            ]
        },
        {
            "file_path": "images/18.png",
            "transform_matrix": [
                [
                    2.220446049250313e-16,
                    -1.0,
                    0.0,
                    0.0
                ],
                [
                    1.0,
                    2.220446049250313e-16,
                    0.0,
                    0.0
                ],
                [
                    0.0,
                    0.0,
                    1.0,
                    15.0
                ],
                [
                    0.0,
                    0.0,
                    0.0,
                    1.0
                ]
            ]
        },
        {
            "file_path": "images/19.png",
            "transform_matrix": [
                [
                    -0.25881904510252074,
                    -0.9659258262890683,
                    0.0,
                    0.0
                ],
                [
                    0.9659258262890683,
                    -0.25881904510252074,
                    0.0,
                    0.0
                ],
                [
                    0.0,
                    0.0,
                    1.0,
                    15.0
                ],
                [
                    0.0,
                    0.0,
                    0.0,
                    1.0
                ]
            ]
        },
        {
            "file_path": "images/20.png",
            "transform_matrix": [
                [
                    -0.4999999999999998,
                    -0.8660254037844388,
                    0.0,
                    0.0
                ],
                [
                    0.8660254037844388,
                    -0.4999999999999998,
                    0.0,
                    0.0
                ],
                [
                    0.0,
                    0.0,
                    1.0,
                    15.0
                ],
                [
                    0.0,
                    0.0,
                    0.0,
                    1.0
                ]
            ]
        },
        {
            "file_path": "images/21.png",
            "transform_matrix": [
                [
                    -0.7071067811865475,
                    -0.7071067811865477,
                    0.0,
                    0.0
                ],
                [
                    0.7071067811865477,
                    -0.7071067811865475,
                    0.0,
                    0.0
                ],
                [
                    0.0,
                    0.0,
                    1.0,
                    15.0
                ],
                [
                    0.0,
                    0.0,
                    0.0,
                    1.0
                ]
            ]
        },
        {
            "file_path": "images/22.png",
            "transform_matrix": [
                [
                    -0.8660254037844387,
                    -0.49999999999999994,
                    0.0,
                    0.0
                ],
                [
                    0.49999999999999994,
                    -0.8660254037844387,
                    0.0,
                    0.0
                ],
                [
                    0.0,
                    0.0,
                    1.0,
                    15.0
                ],
                [
                    0.0,
                    0.0,
                    0.0,
                    1.0
                ]
            ]
        },
        {
            "file_path": "images/23.png",
            "transform_matrix": [
                [
                    -0.9659258262890682,
                    -0.258819045102521,
                    0.0,
                    0.0
                ],
                [
                    0.258819045102521,
                    -0.9659258262890682,
                    0.0,
                    0.0
                ],
                [
                    0.0,
                    0.0,
                    1.0,
                    15.0
                ],
                [
                    0.0,
                    0.0,
                    0.0,
                    1.0
                ]
            ]
        },
        {
            "file_path": "images/24.png",
            "transform_matrix": [
                [
                    -1.0,
                    1.1829179713786698e-16,
                    -3.1696191514317643e-17,
                    -4.754428727147647e-16
                ],
                [
                    -1.2246467991473532e-16,
                    -0.9659258262890682,
                    0.25881904510252074,
                    3.882285676537811
                ],
                [
                    -3.0814879110195774e-33,
                    0.25881904510252074,
                    0.9659258262890682,
                    14.488887394336023
                ],
                [
                    0.0,
                    0.0,
                    0.0,
                    1.0
                ]
            ]
        },
        {
            "file_path": "images/25.png",
            "transform_matrix": [
                [
                    -0.9659258262890682,
                    0.2500000000000003,
                    -0.06698729810778073,
                    -1.0048094716167109
                ],
                [
                    -0.258819045102521,
                    -0.9330127018922192,
                    0.24999999999999997,
                    3.7499999999999996
                ],
                [
                    6.938893903907228e-18,
                    0.25881904510252074,
                    0.9659258262890682,
                    14.488887394336023
                ],
                [
                    0.0,
                    0.0,
                    0.0,
                    1.0
                ]
            ]
        },
        {
            "file_path": "images/26.png",
            "transform_matrix": [
                [
                    -0.8660254037844388,
                    0.4829629131445341,
                    -0.12940952255126037,
                    -1.9411428382689055
                ],
                [
                    -0.5,
                    -0.836516303737808,
                    0.22414386804201336,
                    3.3621580206302006
                ],
                [
                    -1.3877787807814457e-17,
                    0.25881904510252074,
                    0.9659258262890683,
                    14.488887394336025
                ],
                [
                    0.0,
                    0.0,
                    0.0,
                    1.0
                ]
            ]
        },
        {
            "file_path": "images/27.png",
            "transform_matrix": [
                [
                    -0.7071067811865475,
                    0.6830127018922193,
                    -0.18301270189221933,
                    -2.74519052838329
                ],
                [
                    -0.7071067811865476,
                    -0.6830127018922192,
                    0.18301270189221927,
                    2.745190528383289
                ],
                [
                    0.0,
                    0.25881904510252074,
                    0.9659258262890682,
                    14.488887394336023
                ],
                [
                    0.0,
                    0.0,
                    0.0,
                    1.0
                ]
            ]
        },
        {
            "file_path": "images/28.png",
            "transform_matrix": [
                [
                    -0.4999999999999997,
                    0.8365163037378079,
                    -0.22414386804201336,
                    -3.3621580206302006
                ],
                [
                    -0.8660254037844387,
                    -0.4829629131445338,
                    0.1294095225512603,
                    1.9411428382689042
                ],
                [
                    1.3877787807814457e-17,
                    0.25881904510252074,
                    0.9659258262890682,
                    14.488887394336023
                ],
                [
                    0.0,
                    0.0,
                    0.0,
                    1.0
                ]
            ]
        },
        {
            "file_path": "images/29.png",
            "transform_matrix": [
                [
                    -0.25881904510252063,
                    0.9330127018922192,
                    -0.24999999999999994,
                    -3.749999999999999
                ],
                [
                    -0.9659258262890682,
                    -0.2499999999999999,
                    0.06698729810778066,
                    1.00480947161671
                ],
                [
                    0.0,
                    0.25881904510252074,
                    0.9659258262890681,
                    14.488887394336022
                ],
                [
                    0.0,
                    0.0,
                    0.0,
                    1.0
                ]
            ]
        },
        {
            "file_path": "images/30.png",
            "transform_matrix": [
                [
                    1.6653345369377348e-16,
                    0.9659258262890681,
                    -0.2588190451025207,
                    -3.88228567653781
                ],
                [
                    -0.9999999999999999,
                    1.6653345369377348e-16,
                    -2.7755575615628914e-17,
                    -4.163336342344337e-16
                ],
                [
                    0.0,
                    0.25881904510252074,
                    0.9659258262890682,
                    14.488887394336023
                ],
                [
                    0.0,
                    0.0,
                    0.0,
                    1.0
                ]
            ]
        },
        {
            "file_path": "images/31.png",
            "transform_matrix": [
                [
                    0.25881904510252063,
                    0.9330127018922192,
                    -0.24999999999999994,
                    -3.749999999999999
                ],
                [
                    -0.9659258262890682,
                    0.2499999999999999,
                    -0.06698729810778066,
                    -1.00480947161671
                ],
                [
                    0.0,
                    0.25881904510252074,
                    0.9659258262890682,
                    14.488887394336023
                ],
                [
                    0.0,
                    0.0,
                    0.0,
                    1.0
                ]
            ]
        },
        {
            "file_path": "images/32.png",
            "transform_matrix": [
                [
                    0.5000000000000001,
                    0.8365163037378077,
                    -0.2241438680420133,
                    -3.3621580206301998
                ],
                [
                    -0.8660254037844385,
                    0.4829629131445342,
                    -0.1294095225512604,
                    -1.941142838268906
                ],
                [
                    -1.3877787807814457e-17,
                    0.25881904510252074,
                    0.9659258262890682,
                    14.488887394336023
                ],
                [
                    0.0,
                    0.0,
                    0.0,
                    1.0
                ]
            ]
        },
        {
            "file_path": "images/33.png",
            "transform_matrix": [
                [
                    0.7071067811865475,
                    0.6830127018922192,
                    -0.1830127018922193,
                    -2.7451905283832896
                ],
                [
                    -0.7071067811865475,
                    0.6830127018922192,
                    -0.18301270189221927,
                    -2.745190528383289
                ],
                [
                    0.0,
                    0.2588190451025207,
                    0.9659258262890682,
                    14.488887394336023
                ],
                [
                    0.0,
                    0.0,
                    0.0,
                    1.0
                ]
            ]
        },
        {
            "file_path": "images/34.png",
            "transform_matrix": [
                [
                    0.8660254037844388,
                    0.4829629131445341,
                    -0.12940952255126037,
                    -1.9411428382689055
                ],
                [
                    -0.5,
                    0.836516303737808,
                    -0.22414386804201336,
                    -3.3621580206302006
                ],
                [
                    1.3877787807814457e-17,
                    0.25881904510252074,
                    0.9659258262890684,
                    14.488887394336027
                ],
                [
                    0.0,
                    0.0,
                    0.0,
                    1.0
                ]
            ]
        },
        {
            "file_path": "images/35.png",
            "transform_matrix": [
                [
                    0.9659258262890682,
                    0.25,
                    -0.06698729810778065,
                    -1.0048094716167097
                ],
                [
                    -0.25881904510252074,
                    0.9330127018922193,
                    -0.25,
                    -3.75
                ],
                [
                    -6.938893903907228e-18,
                    0.25881904510252074,
                    0.9659258262890682,
                    14.488887394336023
                ],
                [
                    0.0,
                    0.0,
                    0.0,
                    1.0
                ]
            ]
        },
        {
            "file_path": "images/36.png",
            "transform_matrix": [
                [
                    1.0,
                    0.0,
                    0.0,
                    0.0
                ],
                [
                    0.0,
                    0.9659258262890682,
                    -0.25881904510252074,
                    -3.882285676537811
                ],
                [
                    0.0,
                    0.25881904510252074,
                    0.9659258262890682,
                    14.488887394336023
                ],
                [
                    0.0,
                    0.0,
                    0.0,
                    1.0
                ]
            ]
        },
        {
            "file_path": "images/37.png",
            "transform_matrix": [
                [
                    0.9659258262890682,
                    -0.25,
                    0.06698729810778065,
                    1.0048094716167097
                ],
                [
                    0.25881904510252074,
                    0.9330127018922193,
                    -0.25,
                    -3.75
                ],
                [
                    6.938893903907228e-18,
                    0.25881904510252074,
                    0.9659258262890682,
                    14.488887394336023
                ],
                [
                    0.0,
                    0.0,
                    0.0,
                    1.0
                ]
            ]
        },
        {
            "file_path": "images/38.png",
            "transform_matrix": [
                [
                    0.8660254037844388,
                    -0.4829629131445341,
                    0.12940952255126037,
                    1.9411428382689055
                ],
                [
                    0.5,
                    0.836516303737808,
                    -0.22414386804201336,
                    -3.3621580206302006
                ],
                [
                    -1.3877787807814457e-17,
                    0.25881904510252074,
                    0.9659258262890684,
                    14.488887394336027
                ],
                [
                    0.0,
                    0.0,
                    0.0,
                    1.0
                ]
            ]
        },
        {
            "file_path": "images/39.png",
            "transform_matrix": [
                [
                    0.7071067811865475,
                    -0.6830127018922192,
                    0.1830127018922193,
                    2.7451905283832896
                ],
                [
                    0.7071067811865475,
                    0.6830127018922192,
                    -0.18301270189221927,
                    -2.745190528383289
                ],
                [
                    0.0,
                    0.2588190451025207,
                    0.9659258262890682,
                    14.488887394336023
                ],
                [
                    0.0,
                    0.0,
                    0.0,
                    1.0
                ]
            ]
        },
        {
            "file_path": "images/40.png",
            "transform_matrix": [
                [
                    0.5000000000000001,
                    -0.8365163037378077,
                    0.2241438680420133,
                    3.3621580206301998
                ],
                [
                    0.8660254037844385,
                    0.4829629131445342,
                    -0.1294095225512604,
                    -1.941142838268906
                ],
                [
                    1.3877787807814457e-17,
                    0.25881904510252074,
                    0.9659258262890682,
                    14.488887394336023
                ],
                [
                    0.0,
                    0.0,
                    0.0,
                    1.0
                ]
            ]
        },
        {
            "file_path": "images/41.png",
            "transform_matrix": [
                [
                    0.25881904510252063,
                    -0.9330127018922192,
                    0.24999999999999994,
                    3.749999999999999
                ],
                [
                    0.9659258262890682,
                    0.2499999999999999,
                    -0.06698729810778066,
                    -1.00480947161671
                ],
                [
                    0.0,
                    0.25881904510252074,
                    0.9659258262890682,
                    14.488887394336023
                ],
                [
                    0.0,
                    0.0,
                    0.0,
                    1.0
                ]
            ]
        },
        {
            "file_path": "images/42.png",
            "transform_matrix": [
                [
                    1.6653345369377348e-16,
                    -0.9659258262890681,
                    0.2588190451025207,
                    3.88228567653781
                ],
                [
                    0.9999999999999999,
                    1.6653345369377348e-16,
                    -2.7755575615628914e-17,
                    -4.163336342344337e-16
                ],
                [
                    0.0,
                    0.25881904510252074,
                    0.9659258262890682,
                    14.488887394336023
                ],
                [
                    0.0,
                    0.0,
                    0.0,
                    1.0
                ]
            ]
        },
        {
            "file_path": "images/43.png",
            "transform_matrix": [
                [
                    -0.25881904510252063,
                    -0.9330127018922192,
                    0.24999999999999994,
                    3.749999999999999
                ],
                [
                    0.9659258262890682,
                    -0.2499999999999999,
                    0.06698729810778066,
                    1.00480947161671
                ],
                [
                    0.0,
                    0.25881904510252074,
                    0.9659258262890681,
                    14.488887394336022
                ],
                [
                    0.0,
                    0.0,
                    0.0,
                    1.0
                ]
            ]
        },
        {
            "file_path": "images/44.png",
            "transform_matrix": [
                [
                    -0.4999999999999997,
                    -0.8365163037378079,
                    0.22414386804201336,
                    3.3621580206302006
                ],
                [
                    0.8660254037844387,
                    -0.4829629131445338,
                    0.1294095225512603,
                    1.9411428382689042
                ],
                [
                    -1.3877787807814457e-17,
                    0.25881904510252074,
                    0.9659258262890682,
                    14.488887394336023
                ],
                [
                    0.0,
                    0.0,
                    0.0,
                    1.0
                ]
            ]
        },
        {
            "file_path": "images/45.png",
            "transform_matrix": [
                [
                    -0.7071067811865475,
                    -0.6830127018922193,
                    0.18301270189221933,
                    2.74519052838329
                ],
                [
                    0.7071067811865476,
                    -0.6830127018922192,
                    0.18301270189221927,
                    2.745190528383289
                ],
                [
                    0.0,
                    0.25881904510252074,
                    0.9659258262890682,
                    14.488887394336023
                ],
                [
                    0.0,
                    0.0,
                    0.0,
                    1.0
                ]
            ]
        },
        {
            "file_path": "images/46.png",
            "transform_matrix": [
                [
                    -0.8660254037844388,
                    -0.4829629131445341,
                    0.12940952255126037,
                    1.9411428382689055
                ],
                [
                    0.5,
                    -0.836516303737808,
                    0.22414386804201336,
                    3.3621580206302006
                ],
                [
                    1.3877787807814457e-17,
                    0.25881904510252074,
                    0.9659258262890683,
                    14.488887394336025
                ],
                [
                    0.0,
                    0.0,
                    0.0,
                    1.0
                ]
            ]
        },
        {
            "file_path": "images/47.png",
            "transform_matrix": [
                [
                    -0.9659258262890682,
                    -0.2500000000000003,
                    0.06698729810778073,
                    1.0048094716167109
                ],
                [
                    0.258819045102521,
                    -0.9330127018922192,
                    0.24999999999999997,
                    3.7499999999999996
                ],
                [
                    -6.938893903907228e-18,
                    0.25881904510252074,
                    0.9659258262890682,
                    14.488887394336023
                ],
                [
                    0.0,
                    0.0,
                    0.0,
                    1.0
                ]
            ]
        },
        {
            "file_path": "images/48.png",
            "transform_matrix": [
                [
                    -1.0,
                    1.0605752387249069e-16,
                    -6.123233995736766e-17,
                    -9.18485099360515e-16
                ],
                [
                    -1.2246467991473532e-16,
                    -0.8660254037844387,
                    0.49999999999999994,
                    7.499999999999999
                ],
                [
                    0.0,
                    0.49999999999999994,
                    0.8660254037844387,
                    12.99038105676658
                ],
                [
                    0.0,
                    0.0,
                    0.0,
                    1.0
                ]
            ]
        },
        {
            "file_path": "images/49.png",
            "transform_matrix": [
                [
                    -0.9659258262890683,
                    0.22414386804201364,
                    -0.12940952255126048,
                    -1.9411428382689073
                ],
                [
                    -0.258819045102521,
                    -0.8365163037378079,
                    0.4829629131445341,
                    7.244443697168012
                ],
                [
                    -1.3877787807814457e-17,
                    0.5,
                    0.8660254037844388,
                    12.990381056766582
                ],
                [
                    0.0,
                    0.0,
                    0.0,
                    1.0
                ]
            ]
        },
        {
            "file_path": "images/50.png",
            "transform_matrix": [
                [
                    -0.8660254037844388,
                    0.4330127018922193,
                    -0.24999999999999994,
                    -3.749999999999999
                ],
                [
                    -0.5,
                    -0.7500000000000002,
                    0.4330127018922193,
                    6.495190528383289
                ],
                [
                    -1.3877787807814457e-17,
                    0.5,
                    0.8660254037844388,
                    12.990381056766582
                ],
                [
                    0.0,
                    0.0,
                    0.0,
                    1.0
                ]
            ]
        },
        {
            "file_path": "images/51.png",
            "transform_matrix": [
                [
                    -0.7071067811865476,
                    0.6123724356957947,
                    -0.3535533905932738,
                    -5.303300858899107
                ],
                [
                    -0.7071067811865477,
                    -0.6123724356957946,
