{
  "fl_x": 762.72,
  "fl_y": 762.72,
  "w": 1280,
  "h": 720,
  "cx": 640,
  "cy": 360,
  "k1": 0,
  "k2": 0,
  "k3": 0,
  "p1": 0,
  "p2": 0,
  "camera_model": "OPENCV",
  "frames": [
    {
      "file_path": "images/0.png",
      "transform_matrix": [
        [
          0.012638195299164073,
          0.4989721286228125,
          -0.8665258743264392,
          -3.259686831355922
        ],
        [
          -0.9999199903843918,
          0.0058408238650394795,
          -0.01122041025344357,
          -0.04295889591139416
        ],
        [
          -0.0005374469817419027,
          0.8665983496604395,
          0.4990060235273165,
          1.999666195670044
        ],
        [
          0.0,
          0.0,
          0.0,
          1.0
        ]
      ],
      "mask_path": "masks/0.png"
    },
    {
      "file_path": "images/1.png",
      "transform_matrix": [
        [
          -0.19055556281286373,
          0.48988657214701614,
          -0.8507054272256167,
          -3.199479841537612
        ],
        [
          -0.9816761553491624,
          -0.09571941889942938,
          0.1647717174288191,
          0.6189005588951854
        ],
        [
          -0.0007095773106458679,
          0.8665154004838009,
          0.49914983444296396,
          2.0002070303607375
        ],
        [
          0.0,
          0.0,
          0.0,
          1.0
        ]
      ],
      "mask_path": "masks/1.png"
    },
    {
      "file_path": "images/2.png",
      "transform_matrix": [
        [
          -0.4630953006209792,
          0.44231587287357754,
          -0.7680490942295619,
          -2.8895287438618102
        ],
        [
          -0.8863079413589744,
          -0.23207519951372527,
          0.400748468312334,
          1.5064919317210708
        ],
        [
          -0.000987738215342345,
          0.8663127439757251,
          0.49950100500246053,
          2.001527617031541
        ],
        [
          0.0,
          0.0,
          0.0,
          1.0
        ]
      ],
      "mask_path": "masks/2.png"
    },
    {
      "file_path": "images/3.png",
      "transform_matrix": [
        [
          -0.704244822468921,
          0.3542526898408888,
          -0.6152595076601521,
          -2.315218011346821
        ],
        [
          -0.7099564555253084,
          -0.3526594754360207,
          0.6095843876307293,
          2.2922442331140043
        ],
        [
          -0.0010301862252566926,
          0.8661041081334769,
          0.4998625937101671,
          2.0028877771891227
        ],
        [
          0.0,
          0.0,
          0.0,
          1.0
        ]
      ],
      "mask_path": "masks/3.png"
    },
    {
      "file_path": "images/4.png",
      "transform_matrix": [
        [
          -0.8950512174988826,
          0.22199881638484528,
          -0.3867813899058438,
          -1.4554225573327901
        ],
        [
          -0.44596149767514215,
          -0.448057277442565,
          0.7748309613858375,
          2.9139279817641643
        ],
        [
          -0.0012886602006758916,
          0.8660030032595064,
          0.5000371363212969,
          2.0035439626271616
        ],
        [
          0.0,
          0.0,
          0.0,
          1.0
        ]
      ],
      "mask_path": "masks/4.png"
    },
    {
      "file_path": "images/5.png",
      "transform_matrix": [
        [
          -0.9912918184061259,
          0.06490641725834928,
          -0.11457612211871092,
          -0.43208908776744787
        ],
        [
          -0.1316784159713008,
          -0.49619361609985646,
          0.8581682178390421,
          3.2276707306357504
        ],
        [
          -0.0011513159278670768,
          0.8657823354287345,
          0.5004194461960896,
          2.004982056618723
        ],
        [
          0.0,
          0.0,
          0.0,
          1.0
        ]
      ],
      "mask_path": "masks/5.png"
    },
    {
      "file_path": "images/6.png",
      "transform_matrix": [
        [
          -0.9829785235151939,
          -0.09278658333465413,
          0.15856819435489292,
          0.596071138895441
        ],
        [
          0.18371806949838526,
          -0.49199890800174506,
          0.8509904496907572,
          3.20083605554556
        ],
        [
          -0.0009451178108104162,
          0.8656371783132769,
          0.5006709321242367,
          2.0059281087220717
        ],
        [
          0.0,
          0.0,
          0.0,
          1.0
        ]
      ],
      "mask_path": "masks/6.png"
    },
    {
      "file_path": "images/7.png",
      "transform_matrix": [
        [
          -0.8841640121605259,
          -0.23455987816227578,
          0.4040243348570723,
          1.5186575848851311
        ],
        [
          0.46717606270344847,
          -0.44257760432209686,
          0.7654224915622855,
          2.8791662317251725
        ],
        [
          -0.0007252841546435427,
          0.8655095191325234,
          0.5008919506778715,
          2.006759507593364
        ],
        [
          0.0,
          0.0,
          0.0,
          1.0
        ]
      ],
      "mask_path": "masks/7.png"
    },
    {
      "file_path": "images/8.png",
      "transform_matrix": [
        [
          -0.6974593636616967,
          -0.3591892193783685,
          0.6201076847798127,
          2.331550506473972
        ],
        [
          0.7166242721264208,
          -0.34922374890536506,
          0.6037320811417596,
          2.271300555564174
        ],
        [
          -0.000297724535153867,
          0.8654628113806168,
          0.5009730865797687,
          2.0070650914527546
        ],
        [
          0.0,
          0.0,
          0.0,
          1.0
        ]
      ],
      "mask_path": "masks/8.png"
    },
    {
      "file_path": "images/9.png",
      "transform_matrix": [
        [
          -0.407547111070332,
          -0.4574934975735425,
          0.7903195884806058,
          2.972862002764131
        ],
        [
          0.9131841810120077,
          -0.20423432668231656,
          0.3526797291510386,
          1.3269334575316916
        ],
        [
          6.170620458368979e-05,
          0.8654409508929818,
          0.5010109347207867,
          2.0072075656008
        ],
        [
          0.0,
          0.0,
          0.0,
          1.0
        ]
      ],
      "mask_path": "masks/9.png"
    },
    {
      "file_path": "images/10.png",
      "transform_matrix": [
        [
          -0.10701157990424692,
          -0.498109791820619,
          0.8604854194341802,
          3.236572282057649
        ],
        [
          0.9942576738031029,
          -0.05400049154889349,
          0.09238844622635929,
          0.34785053905320684
        ],
        [
          0.0004470459036592357,
          0.8654308650636964,
          0.5010281608303695,
          2.007272492103208
        ],
        [
          0.0,
          0.0,
          0.0,
          1.0
        ]
      ],
      "mask_path": "masks/10.png"
    },
    {
      "file_path": "images/11.png",
      "transform_matrix": [
        [
          0.1791450650348264,
          -0.49298178751564425,
          0.8513965015499819,
          3.2033431493339326
        ],
        [
          0.983822366046982,
          0.08908735354901318,
          -0.15542520871258744,
          -0.5844600337038683
        ],
        [
          0.0007731360721472658,
          0.8654665797218941,
          0.5009660683570302,
          2.007039129888671
        ],
        [
          0.0,
          0.0,
          0.0,
          1.0
        ]
      ],
      "mask_path": "masks/11.png"
    },
    {
      "file_path": "images/12.png",
      "transform_matrix": [
        [
          0.4953032648685459,
          -0.43523579458430545,
          0.7518274262908528,
          2.828586507720307
        ],
        [
          0.8687195328267729,
          0.24713036832916763,
          -0.4292469619400045,
          -1.6147061997611187
        ],
        [
          0.0010242537736284399,
          0.8657345922175332,
          0.5005023144223701,
          2.0052944320929114
        ],
        [
          0.0,
          0.0,
          0.0,
          1.0
        ]
      ],
      "mask_path": "masks/12.png"
    },
    {
      "file_path": "images/13.png",
      "transform_matrix": [
        [
          0.7170498176957286,
          -0.3495218132254951,
          0.6030539453664859,
          2.268973735800881
        ],
        [
          0.6970209215252449,
          0.3580988143284498,
          -0.6212302907398005,
          -2.336974189069499
        ],
        [
          0.001180634838144288,
          0.8657942834508211,
          0.5003987058788806,
          2.004904719231968
        ],
        [
          0.0,
          0.0,
          0.0,
          1.0
        ]
      ],
      "mask_path": "masks/13.png"
    },
    {
      "file_path": "images/14.png",
      "transform_matrix": [
        [
          0.8968095023226961,
          -0.22205341693049008,
          0.3826551927953051,
          1.440313282035516
        ],
        [
          0.4424154853566429,
          0.4479261220209455,
          -0.7769367590273505,
          -2.923017487773927
        ],
        [
          0.0011202055009456849,
          0.8660568510443013,
          0.4999442727933431,
          2.0031949294571545
        ],
        [
          0.0,
          0.0,
          0.0,
          1.0
        ]
      ],
      "mask_path": "masks/14.png"
    },
    {
      "file_path": "images/15.png",
      "transform_matrix": [
        [
          0.9901358005914136,
          -0.07098186877112933,
          0.12080012704032549,
          0.45501013201939905
        ],
        [
          0.14010641181468508,
          0.49460944831538584,
          -0.8577480323530703,
          -3.2272676041835116
        ],
        [
          0.00113567407933615,
          0.866211907065995,
          0.49967553702525563,
          2.002183813400896
        ],
        [
          0.0,
          0.0,
          0.0,
          1.0
        ]
      ],
      "mask_path": "masks/15.png"
    },
    {
      "file_path": "images/16.png",
      "transform_matrix": [
        [
          0.977837777852988,
          0.10378003702270629,
          -0.18183229668872294,
          -0.6837178451336376
        ],
        [
          -0.20936205634313726,
          0.48843425061348855,
          -0.8471124554576048,
          -3.1874008360647554
        ],
        [
          0.0008997595807000139,
          0.8664073445805992,
          0.4993370642056239,
          2.0009102108829677
        ],
        [
          0.0,
          0.0,
          0.0,
          1.0
        ]
      ],
      "mask_path": "masks/16.png"
    },
    {
      "file_path": "images/17.png",
      "transform_matrix": [
        [
          0.8811624607187707,
          0.23548936362281772,
          -0.4099969236964606,
          -1.5417431500222651
        ],
        [
          -0.4728131537900325,
          0.44008673893438205,
          -0.7633946448706751,
          -2.8726722760915755
        ],
        [
          0.0006628900090417926,
          0.8665266423109109,
          0.4991303825076315,
          2.0001323912029014
        ],
        [
          0.0,
          0.0,
          0.0,
          1.0
        ]
      ],
      "mask_path": "masks/17.png"
    },
    {
      "file_path": "images/18.png",
      "transform_matrix": [
        [
          0.6906456713657066,
          0.36061114154342333,
          -0.6268717262874136,
          -2.3580269897234682
        ],
        [
          -0.7231932023722323,
          0.3448437719905026,
          -0.5983931525025651,
          -2.2521060667852213
        ],
        [
          0.0003855728314317556,
          0.8666270117611796,
          0.49895638468655784,
          1.9994774840904201
        ],
        [
          0.0,
          0.0,
          0.0,
          1.0
        ]
      ],
      "mask_path": "masks/18.png"
    },
    {
      "file_path": "images/19.png",
      "transform_matrix": [
        [
          0.43720645965845284,
          0.44876406991750184,
          -0.7793980505390048,
          -2.932237978203142
        ],
        [
          -0.8993611668271387,
          0.21821250082592367,
          -0.37885722388074344,
          -1.4261934177715638
        ],
        [
          5.688804059725086e-05,
          0.8665991657244864,
          0.49900489249041946,
          1.9996597524631579
        ],
        [
          0.0,
          0.0,
          0.0,
          1.0
        ]
      ],
      "mask_path": "masks/19.png"
    },
    {
      "file_path": "images/20.png",
      "transform_matrix": [
        [
          -0.11482023770712564,
          0.4958331565619597,
          -0.8607936999459759,
          -3.7597742215726875
        ],
        [
          -0.9933860205961739,
          -0.057944000157622334,
          0.09912974795605861,
          -1.3560433374876313
        ],
        [
          -0.0007260144471059276,
          0.8664825293677518,
          0.49920687014852466,
          2.001050470842576
        ],
        [
          0.0,
          0.0,
          0.0,
          1.0
        ]
      ],
      "mask_path": "masks/20.png"
    },
    {
      "file_path": "images/21.png",
      "transform_matrix": [
        [
          -0.1964707022958,
          0.48935378713171174,
          -0.8496658956079423,
          -3.8593402457774078
        ],
        [
          -0.9805094277623501,
          -0.09869526031039573,
          0.16988380635426129,
          -1.0408928785498965
        ],
        [
          -0.0007247127320832732,
          0.8664826118348335,
          0.49920672890030376,
          2.001052215503654
        ],
        [
          0.0,
          0.0,
          0.0,
          1.0
        ]
      ],
      "mask_path": "masks/21.png"
    },
    {
      "file_path": "images/22.png",
      "transform_matrix": [
        [
          -0.49933755718839895,
          0.43226442034937745,
          -0.7508724757781039,
          -3.989824923337477
        ],
        [
          -0.8664070255351441,
          -0.25006030612158264,
          0.43221373116286443,
          0.24576246261516482
        ],
        [
          -0.0009327831831860581,
          0.8663817369972645,
          0.4993814330881116,
          2.0014041838654775
        ],
        [
          0.0,
          0.0,
          0.0,
          1.0
        ]
      ],
      "mask_path": "masks/22.png"
    },
    {
      "file_path": "images/23.png",
      "transform_matrix": [
        [
          -0.7208984334755494,
          0.34561506732484015,
          -0.6007126383309621,
          -3.7631083082645254
        ],
        [
          -0.6930398411753528,
          -0.3608925484645309,
          0.624061172487456,
          1.3465355575808375
        ],
        [
          -0.00110777079804217,
          0.8662025131000387,
          0.49969188420769506,
          2.002375801491927
        ],
        [
          0.0,
          0.0,
          0.0,
          1.0
        ]
      ],
      "mask_path": "masks/23.png"
    },
    {
      "file_path": "images/24.png",
      "transform_matrix": [
        [
          -0.8933684006622375,
          0.2237723056873902,
          -0.38963939213783993,
          -3.1980064261431838
        ],
        [
          -0.44932342822179844,
          -0.44716147848448,
          0.7734048545300091,
          2.396766172943214
        ],
        [
          -0.0011651391361498528,
          0.8660095654015165,
          0.5000260744039958,
          2.0036545651095112
        ],
        [
          0.0,
          0.0,
          0.0,
          1.0
        ]
      ],
      "mask_path": "masks/24.png"
    },
    {
      "file_path": "images/25.png",
      "transform_matrix": [
        [
          -0.9920600126165162,
          0.06210888056012536,
          -0.10935912546690339,
          -2.2155932127915916
        ],
        [
          -0.12576170671678177,
          -0.4965596258185776,
          0.8588437175240885,
          3.3250410645152204
        ],
        [
          -0.0009615045501748263,
          0.8657776995063352,
          0.5004278674759408,
          2.00567674357295
        ],
        [
          0.0,
          0.0,
          0.0,
          1.0
        ]
      ],
      "mask_path": "masks/25.png"
    },
    {
      "file_path": "images/26.png",
      "transform_matrix": [
        [
          -0.9846652599933204,
          -0.08812328774967908,
          0.15056099069305381,
          -1.128699559901537
        ],
        [
          0.17445194651219842,
          -0.4928383992262122,
          0.8524534184377759,
          3.8324687633123533
        ],
        [
          -0.0009187602471124344,
          0.8656469247934356,
          0.5006541295897562,
          2.0066876786786403
        ],
        [
          0.0,
          0.0,
          0.0,
          1.0
        ]
      ],
      "mask_path": "masks/26.png"
    },
    {
      "file_path": "images/27.png",
      "transform_matrix": [
        [
          -0.8870039353782803,
          -0.2320225077672747,
          0.3992362389774118,
          0.07265064312410012
        ],
        [
          0.46176087766107415,
          -0.4439072711702359,
          0.7679343894265118,
          3.99407835479338
        ],
        [
          -0.0009541934387392335,
          0.8655125016379487,
          0.5008864132947727,
          2.00758449320529
        ],
        [
          0.0,
          0.0,
          0.0,
          1.0
        ]
      ],
      "mask_path": "masks/27.png"
    },
    {
      "file_path": "images/28.png",
      "transform_matrix": [
        [
          -0.6783983837761637,
          -0.36826047871609124,
          0.6357356783331298,
          1.4206541143351712
        ],
        [
          0.7346941756129257,
          -0.33966783750981683,
          0.5872394984006514,
          3.732739614190816
        ],
        [
          -0.0003181357147704643,
          0.8654536267052096,
          0.5009889408085443,
          2.0091390049075226
        ],
        [
          0.0,
          0.0,
          0.0,
          1.0
        ]
      ],
      "mask_path": "masks/28.png"
    },
    {
      "file_path": "images/29.png",
      "transform_matrix": [
        [
          -0.44509494603978617,
          -0.4486670630456617,
          0.7749763580573412,
          2.4104808483482203
        ],
        [
          0.8954833818488755,
          -0.2229659416040074,
          0.3852216267515877,
          3.1839761665468096
        ],
        [
          -4.292250120748121e-05,
          0.8654386491384695,
          0.5010149126872775,
          2.009735680576792
        ],
        [
          0.0,
          0.0,
          0.0,
          1.0
        ]
      ],
      "mask_path": "masks/29.png"
    },
    {
      "file_path": "images/30.png",
      "transform_matrix": [
        [
          -0.09244338081244512,
          -0.4988792528455807,
          0.8617271682059237,
          3.395973716696926
        ],
        [
          0.9957178605644208,
          -0.04666785111501051,
          0.07980008662476323,
          2.100423250381212
        ],
        [
          0.00040434759521916285,
          0.8654141221129582,
          0.5010571162557018,
          2.010705457831887
        ],
        [
          0.0,
          0.0,
          0.0,
          1.0
        ]
      ],
      "mask_path": "masks/30.png"
    },
    {
      "file_path": "images/31.png",
      "transform_matrix": [
        [
          0.1768284574527636,
          -0.49304885310981966,
          0.8518418427630614,
          3.8342543581566506
        ],
        [
          0.9842414444004016,
          0.0879744072099075,
          -0.15339257739759385,
          1.1164949348387379
        ],
        [
          0.0006897532077673581,
          0.8655422185677353,
          0.5008354940670195,
          2.0102973134793167
        ],
        [
          0.0,
          0.0,
          0.0,
          1.0
        ]
      ],
      "mask_path": "masks/31.png"
    },
    {
      "file_path": "images/32.png",
      "transform_matrix": [
        [
          0.4752184568127059,
          -0.4407481477177678,
          0.7615172280309273,
          3.991202363838514
        ],
        [
          0.8798673420098563,
          0.2371267500961889,
          -0.4118305050057977,
          -0.13691300943249485
        ],
        [
          0.0009374268297460666,
          0.865743596379538,
          0.500486909477923,
          2.0092974822705587
        ],
        [
          0.0,
          0.0,
          0.0,
          1.0
        ]
      ],
      "mask_path": "masks/32.png"
    },
    {
      "file_path": "images/33.png",
      "transform_matrix": [
        [
          0.724699247367279,
          -0.3454041568734439,
          0.5962440517773279,
          3.7514110790731126
        ],
        [
          0.6890642970081394,
          0.3617822508586098,
          -0.6279363005531345,
          -1.3688941292908168
        ],
        [
          0.001181293349725774,
          0.8659154527886793,
          0.5001889974477634,
          2.0085004039638577
        ],
        [
          0.0,
          0.0,
          0.0,
          1.0
        ]
      ],
      "mask_path": "masks/33.png"
    },
    {
      "file_path": "images/34.png",
      "transform_matrix": [
        [
          0.9057271069361488,
          -0.21282382284531873,
          0.36655753735338586,
          3.124423034658065
        ],
        [
          0.42385965007891446,
          0.4523520919137031,
          -0.7846786488596954,
          -2.487797446146723
        ],
        [
          0.0011852409268803524,
          0.8660736720226527,
          0.4999149826051868,
          2.0073755405858917
        ],
        [
          0.0,
          0.0,
          0.0,
          1.0
        ]
      ],
      "mask_path": "masks/34.png"
    },
    {
      "file_path": "images/35.png",
      "transform_matrix": [
        [
          0.9911211853444879,
          -0.06740718726123973,
          0.1146083202340281,
          2.2357588964315753
        ],
        [
          0.13295673445442335,
          0.4950481356684106,
          -0.8586325466312391,
          -3.310508194296235
        ],
        [
          0.0011413695954232675,
          0.8662468553921332,
          0.49961493452326616,
          2.006058076814996
        ],
        [
          0.0,
          0.0,
          0.0,
          1.0
        ]
      ],
      "mask_path": "masks/35.png"
    },
    {
      "file_path": "images/36.png",
      "transform_matrix": [
        [
          0.9809056355946418,
          0.09630322532947887,
          -0.16896692827240314,
          1.0459529076060745
        ],
        [
          -0.194481938971712,
          0.4899716281176826,
          -0.8497673676092246,
          -3.856040469937831
        ],
        [
          0.0009536626631638215,
          0.8664026156648231,
          0.49934516929342354,
          2.0046099688051213
        ],
        [
          0.0,
          0.0,
          0.0,
          1.0
        ]
      ],
      "mask_path": "masks/36.png"
    },
    {
      "file_path": "images/37.png",
      "transform_matrix": [
        [
          0.8748868084658892,
          0.24123710626405767,
          -0.4199734883700568,
          -0.17962555114415488
        ],
        [
          -0.484327019338246,
          0.43691658164651587,
          -0.7579783895476532,
          -3.9921045279352274
        ],
        [
          0.0006408676156414698,
          0.8665498019408159,
          0.49909020231320106,
          2.0030006635142836
        ],
        [
          0.0,
          0.0,
          0.0,
          1.0
        ]
      ],
      "mask_path": "masks/37.png"
    },
    {
      "file_path": "images/38.png",
      "transform_matrix": [
        [
          0.6854869612611926,
          0.3631145798466493,
          -0.6310748195291014,
          -1.3883519950739378
        ],
        [
          -0.7280848536838846,
          0.34218881304289667,
          -0.59396907500678,
          -3.7478226449710057
        ],
        [
          0.00026791232293357596,
          0.8666340739499486,
          0.4989441953684824,
          2.0017345967544977
        ],
        [
          0.0,
          0.0,
          0.0,
          1.0
        ]
      ],
      "mask_path": "masks/38.png"
    },
    {
      "file_path": "images/39.png",
      "transform_matrix": [
        [
          0.4062448287923527,
          0.4559710453249676,
          -0.7918683886257415,
          -2.548633574567638
        ],
        [
          -0.9137642638768588,
          0.2026266837807782,
          -0.35210409977957774,
          -3.07884261063785
        ],
        [
          -9.56088616382735e-05,
          0.8666215049519951,
          0.4989660890418153,
          2.001178799194598
        ],
        [
          0.0,
          0.0,
          0.0,
          1.0
        ]
      ],
      "mask_path": "masks/39.png"
    }
  ]
}