{
  "horizontal_fov": 1.3962634,
  "fl_x": 643.55,
  "fl_y": 643.55,
  "w": 1080,
  "h": 1080,
  "cx": 540,
  "cy": 540,
  "k1": 0,
  "k2": 0,
  "k3": 0,
  "p1": 0,
  "p2": 0,
  "camera_model": "OPENCV",
  "frames": [
    {
      "file_path": "images/0.png",
      "transform_matrix": [
        [
          0.1377859965739307,
          0.4958544728433263,
          -0.8574050156777694,
          -1.2528715490461853
        ],
        [
          -0.9904617620871216,
          0.06835128866023849,
          -0.11963945495428782,
          -0.26874084892874334
        ],
        [
          -0.0007190211422937555,
          0.865711524180978,
          0.5005427453363451,
          1.9998201615776632
        ],
        [
          0.0,
          0.0,
          0.0,
          1.0
        ]
      ],
      "mask_path": "masks/0.png"
    },
    {
      "file_path": "images/1.png",
      "transform_matrix": [
        [
          -0.17445772410706878,
          0.4929982955432451,
          -0.8523597732711448,
          -1.2743653106832808
        ],
        [
          -0.9846645300364233,
          -0.08780006659159083,
          0.15075447454275495,
          0.1312436356430076
        ],
        [
          -0.0005155458581040335,
          0.86558871809767,
          0.5007553347838651,
          2.000152898356483
        ],
        [
          0.0,
          0.0,
          0.0,
          1.0
        ]
      ],
      "mask_path": "masks/1.png"
    },
    {
      "file_path": "images/2.png",
      "transform_matrix": [
        [
          -0.46568356743964917,
          0.44315561214874305,
          -0.7659973357902458,
          -1.1740603379434194
        ],
        [
          -0.8849512896577852,
          -0.23336886252689898,
          0.4029890680104411,
          0.5131484159077138
        ],
        [
          -0.00017305982858628822,
          0.8655357170122873,
          0.5008471749209749,
          2.0003201914407773
        ],
        [
          0.0,
          0.0,
          0.0,
          1.0
        ]
      ],
      "mask_path": "masks/2.png"
    },
    {
      "file_path": "images/3.png",
      "transform_matrix": [
        [
          -0.7330440629839967,
          0.34065916783831546,
          -0.5887255159169006,
          -0.936806234858237
        ],
        [
          -0.6801811533577645,
          -0.3671113204532539,
          0.6344941898961485,
          0.8740431571324292
        ],
        [
          1.8461195491534922e-05,
          0.8655521993287145,
          0.500818719594635,
          2.0002958416062966
        ],
        [
          0.0,
          0.0,
          0.0,
          1.0
        ]
      ],
      "mask_path": "masks/3.png"
    },
    {
      "file_path": "images/4.png",
      "transform_matrix": [
        [
          -0.9097050449688626,
          0.2082328772916103,
          -0.3592712067130581,
          -0.6148070676008128
        ],
        [
          -0.41525483545160274,
          -0.45536409729635724,
          0.7875321965021723,
          1.124919485419502
        ],
        [
          0.0003908865079645087,
          0.8656111180595655,
          0.5007167258035297,
          2.000179612689846
        ],
        [
          0.0,
          0.0,
          0.0,
          1.0
        ]
      ],
      "mask_path": "masks/4.png"
    },
    {
      "file_path": "images/5.png",
      "transform_matrix": [
        [
          -0.9939772909452428,
          0.05542318320025521,
          -0.09453790694270496,
          -0.23138164486070073
        ],
        [
          -0.10958424749001333,
          -0.4974856530077116,
          0.8605227003127451,
          1.2611939970174597
        ],
        [
          0.0006616548980377925,
          0.8656998878453446,
          0.5005629494852313,
          1.999977406597418
        ],
        [
          0.0,
          0.0,
          0.0,
          1.0
        ]
      ],
      "mask_path": "masks/5.png"
    },
    {
      "file_path": "images/6.png",
      "transform_matrix": [
        [
          -0.9768884103998337,
          -0.10625014799306116,
          0.18547220729246514,
          0.1834970119714583
        ],
        [
          0.21374826600581076,
          -0.48901119189098763,
          0.845682997928222,
          1.2694940503477126
        ],
        [
          0.0008440414656515051,
          0.8657822822493011,
          0.5004201508104925,
          1.9997833955109285
        ],
        [
          0.0,
          0.0,
          0.0,
          1.0
        ]
      ],
      "mask_path": "masks/6.png"
    },
    {
      "file_path": "images/7.png",
      "transform_matrix": [
        [
          -0.8736706705554491,
          -0.2426536493197221,
          0.42168562446805474,
          0.5419570810217118
        ],
        [
          0.4865168864578844,
          -0.4374175381151319,
          0.7562851423508353,
          1.1628165324937652
        ],
        [
          0.0009373379956428264,
          0.8659013245290242,
          0.5002139717924355,
          1.999487296793431
        ],
        [
          0.0,
          0.0,
          0.0,
          1.0
        ]
      ],
      "mask_path": "masks/7.png"
    },
    {
      "file_path": "images/8.png",
      "transform_matrix": [
        [
          -0.687713355254971,
          -0.3624141658152434,
          0.6290519163156497,
          0.8648051815670482
        ],
        [
          0.7259818512219075,
          -0.344303230196299,
          0.5953197774077446,
          0.9478825627588385
        ],
        [
          0.0008322862261060362,
          0.8660896362922464,
          0.4998880366710151,
          1.9989958736175146
        ],
        [
          0.0,
          0.0,
          0.0,
          1.0
        ]
      ],
      "mask_path": "masks/8.png"
    },
    {
      "file_path": "images/9.png",
      "transform_matrix": [
        [
          -0.41949240120015274,
          -0.453296867081193,
          0.7864782740989769,
          1.1229274911218199
        ],
        [
          0.9077584594774589,
          -0.2102780466358663,
          0.36298446571460213,
          0.6217100905801308
        ],
        [
          0.0008393940915104295,
          0.8662015316295508,
          0.4996941084505394,
          1.9987099285157197
        ],
        [
          0.0,
          0.0,
          0.0,
          1.0
        ]
      ],
      "mask_path": "masks/9.png"
    },
    {
      "file_path": "images/10.png",
      "transform_matrix": [
        [
          -0.129625135595941,
          -0.4950625292377062,
          0.8591335265059206,
          1.2572751068984422
        ],
        [
          0.9915628281040009,
          -0.06532530570121539,
          0.11196321877044443,
          0.2590624067402253
        ],
        [
          0.0006943659910716557,
          0.866398116676051,
          0.49935340318862587,
          1.9981928851740491
        ],
        [
          0.0,
          0.0,
          0.0,
          1.0
        ]
      ],
      "mask_path": "masks/10.png"
    },
    {
      "file_path": "images/11.png",
      "transform_matrix": [
        [
          0.18970875100108536,
          -0.4902624359983123,
          0.8506781610236677,
          1.274634114691556
        ],
        [
          0.9818402577229093,
          0.09424546435722027,
          -0.1646435566996262,
          -0.15043492989272944
        ],
        [
          0.0005459928747632413,
          0.8664643883605909,
          0.4992385858431699,
          1.9980092303850672
        ],
        [
          0.0,
          0.0,
          0.0,
          1.0
        ]
      ],
      "mask_path": "masks/11.png"
    },
    {
      "file_path": "images/12.png",
      "transform_matrix": [
        [
          0.47822838473779566,
          -0.4386350984044285,
          0.7608527206226027,
          1.1692489580175267
        ],
        [
          0.8782354672381889,
          0.2385792027228391,
          -0.41446643786084103,
          -0.5289114988792922
        ],
        [
          0.0002758912807793288,
          0.8664174597016566,
          0.4993202473444567,
          1.9981042999171668
        ],
        [
          0.0,
          0.0,
          0.0,
          1.0
        ]
      ],
      "mask_path": "masks/12.png"
    },
    {
      "file_path": "images/13.png",
      "transform_matrix": [
        [
          0.7402730953023976,
          -0.3355352124593586,
          0.5825906500891177,
          0.930678628197112
        ],
        [
          0.6723062759039339,
          0.36961790763131375,
          -0.6413944759182401,
          -0.8834064664483932
        ],
        [
          -0.00012550534402092274,
          0.866486424335721,
          0.49920062168461476,
          1.9978894413032693
        ],
        [
          0.0,
          0.0,
          0.0,
          1.0
        ]
      ],
      "mask_path": "masks/13.png"
    },
    {
      "file_path": "images/14.png",
      "transform_matrix": [
        [
          0.9022697788516103,
          -0.21497822174478493,
          0.3737560840260887,
          0.6381580404370637
        ],
        [
          0.4311718142394908,
          0.45053811886961265,
          -0.7817328636118971,
          -1.1134728935942515
        ],
        [
          -0.0003358221144427761,
          0.8664870268047186,
          0.4991994787683843,
          1.9978677408833705
        ],
        [
          0.0,
          0.0,
          0.0,
          1.0
        ]
      ],
      "mask_path": "masks/14.png"
    },
    {
      "file_path": "images/15.png",
      "transform_matrix": [
        [
          0.9919053587432051,
          -0.06294666779603536,
          0.11027908373707755,
          0.25760991984918213
        ],
        [
          0.12697825685091407,
          0.49533596214342607,
          -0.8593711694573829,
          -1.256963776274024
        ],
        [
          -0.000530644529876447,
          0.8664179139542431,
          0.49931925337959976,
          1.9980260199055895
        ],
        [
          0.0,
          0.0,
          0.0,
          1.0
        ]
      ],
      "mask_path": "masks/15.png"
    },
    {
      "file_path": "images/16.png",
      "transform_matrix": [
        [
          0.9832455086120963,
          0.09179624791800704,
          -0.15748561414401055,
          -0.13813538971052355
        ],
        [
          -0.1822841885341992,
          0.49105098921384804,
          -0.8518458784325542,
          -1.2751155139751162
        ],
        [
          -0.0008627888321604568,
          0.8662807713785856,
          0.49955668420626104,
          1.9983448104564727
        ],
        [
          0.0,
          0.0,
          0.0,
          1.0
        ]
      ],
      "mask_path": "masks/16.png"
    },
    {
      "file_path": "images/17.png",
      "transform_matrix": [
        [
          0.8710107810869846,
          0.24624034087855204,
          -0.4250951819936983,
          -0.5442437646792855
        ],
        [
          -0.49126304262539056,
          0.4349668676225335,
          -0.7546286815521162,
          -1.1609180331936542
        ],
        [
          -0.0009177040288955737,
          0.8661232698609683,
          0.49982961019197275,
          1.9987424326597059
        ],
        [
          0.0,
          0.0,
          0.0,
          1.0
        ]
      ],
      "mask_path": "masks/17.png"
    },
    {
      "file_path": "images/18.png",
      "transform_matrix": [
        [
          0.6869606340790197,
          0.36405147337899296,
          -0.6289289403075166,
          -0.8621879316001555
        ],
        [
          -0.7266938936241707,
          0.34291242061668964,
          -0.5952537750876892,
          -0.9479855560775352
        ],
        [
          -0.0010354685383408854,
          0.865954731217162,
          0.5001213165698091,
          1.9991616794597182
        ],
        [
          0.0,
          0.0,
          0.0,
          1.0
        ]
      ],
      "mask_path": "masks/18.png"
    },
    {
      "file_path": "images/19.png",
      "transform_matrix": [
        [
          0.4164669298831707,
          0.4552209836218461,
          -0.7869746834454365,
          -1.121563031557193
        ],
        [
          -0.9091504114947164,
          0.20766396607481113,
          -0.36100028597366446,
          -0.6195119190905293
        ],
        [
          -0.0009086213039509204,
          0.8658230380767414,
          0.5003495189793705,
          1.9995105571438385
        ],
        [
          0.0,
          0.0,
          0.0,
          1.0
        ]
      ],
      "mask_path": "masks/19.png"
    },
    {
      "file_path": "images/20.png",
      "transform_matrix": [
        [
          -0.029923395502400522,
          0.5003364644573763,
          -0.8653138232663916,
          -1.752443391698252
        ],
        [
          -0.9995520129711754,
          -0.015500835852726188,
          0.025602684490860787,
          0.06438051963512212
        ],
        [
          -0.0006031308967722673,
          0.8656922931516486,
          0.5005761578530902,
          1.9999199191218984
        ],
        [
          0.0,
          0.0,
          0.0,
          1.0
        ]
      ],
      "mask_path": "masks/20.png"
    },
    {
      "file_path": "images/21.png",
      "transform_matrix": [
        [
          -0.18092038385997988,
          0.49235865003845575,
          -0.8513816855184676,
          -1.7224004492576432
        ],
        [
          -0.9834975792453464,
          -0.09107515564479732,
          0.15632602995924724,
          0.3290454412286402
        ],
        [
          -0.0005712464451181502,
          0.8656143920687694,
          0.5007108925526921,
          2.0001924416519037
        ],
        [
          0.0,
          0.0,
          0.0,
          1.0
        ]
      ],
      "mask_path": "masks/21.png"
    },
    {
      "file_path": "images/22.png",
      "transform_matrix": [
        [
          -0.48764507693374914,
          0.4370920255822905,
          -0.7557465448909763,
          -1.5244072629565324
        ],
        [
          -0.8730419282353998,
          -0.24440472918185535,
          0.4219764447176631,
          0.8659909781995128
        ],
        [
          -0.0002654906645451365,
          0.8655731566574337,
          0.5007824277955376,
          2.000333441516106
        ],
        [
          0.0,
          0.0,
          0.0,
          1.0
        ]
      ],
      "mask_path": "masks/22.png"
    },
    {
      "file_path": "images/23.png",
      "transform_matrix": [
        [
          -0.7214159276414703,
          0.34677224917978394,
          -0.5994231114529961,
          -1.2054081570954658
        ],
        [
          -0.6925020279803383,
          -0.3612812793278322,
          0.6244331657194099,
          1.2740017043022274
        ],
        [
          -2.4255225435673026e-05,
          0.8655777517970521,
          0.5007745550700887,
          2.0003143575159297
        ],
        [
          0.0,
          0.0,
          0.0,
          1.0
        ]
      ],
      "mask_path": "masks/23.png"
    },
    {
      "file_path": "images/24.png",
      "transform_matrix": [
        [
          -0.9079617817661586,
          0.2101504528159954,
          -0.36254956907056873,
          -0.7232665156446094
        ],
        [
          -0.419052771478017,
          -0.4544626100845159,
          0.7860397641034216,
          1.5983323608689677
        ],
        [
          0.0004213889128851213,
          0.8656214664715761,
          0.5006988108783391,
          2.000155202291106
        ],
        [
          0.0,
          0.0,
          0.0,
          1.0
        ]
      ],
      "mask_path": "masks/24.png"
    },
    {
      "file_path": "images/25.png",
      "transform_matrix": [
        [
          -0.9928207137076627,
          0.06029288314657471,
          -0.1033043981390969,
          -0.19663273490533262
        ],
        [
          -0.11961106402699356,
          -0.4970319233030876,
          0.8594489284302844,
          1.74331964162304
        ],
        [
          0.00047307011955274663,
          0.8656350474995264,
          0.5006752847356807,
          2.0001068611163744
        ],
        [
          0.0,
          0.0,
          0.0,
          1.0
        ]
      ],
      "mask_path": "masks/25.png"
    },
    {
      "file_path": "images/26.png",
      "transform_matrix": [
        [
          -0.9814250093783655,
          -0.09535775572107967,
          0.16646876400849006,
          0.34941088262320275
        ],
        [
          0.19184465432441578,
          -0.49125997688724854,
          0.8496230127038025,
          1.7197684392913866
        ],
        [
          0.0007612974588426781,
          0.865777415697926,
          0.5004287031072461,
          1.999603417156381
        ],
        [
          0.0,
          0.0,
          0.0,
          1.0
        ]
      ],
      "mask_path": "masks/26.png"
    },
    {
      "file_path": "images/27.png",
      "transform_matrix": [
        [
          -0.8718425334567697,
          -0.24427969499478167,
          0.4245209387874034,
          0.8708862936038291
        ],
        [
          0.4897853542590728,
          -0.43651068416582295,
          0.7546977735242103,
          1.5239186804737128
        ],
        [
          0.000950583503071948,
          0.8659017572579132,
          0.5002131977153963,
          1.9991643070358314
        ],
        [
          0.0,
          0.0,
          0.0,
          1.0
        ]
      ],
      "mask_path": "masks/27.png"
    },
    {
      "file_path": "images/28.png",
      "transform_matrix": [
        [
          -0.6787055281309454,
          -0.36655788568639536,
          0.6363914852711451,
          1.2983628145843444
        ],
        [
          0.7344098791457784,
          -0.339895417275723,
          0.5874633901172442,
          1.182227604783201
        ],
        [
          0.0009672112374138878,
          0.8660868442345039,
          0.49989263121828525,
          1.998514240982149
        ],
        [
          0.0,
          0.0,
          0.0,
          1.0
        ]
      ],
      "mask_path": "masks/28.png"
    },
    {
      "file_path": "images/29.png",
      "transform_matrix": [
        [
          -0.42489033724354974,
          -0.4520103969732383,
          0.7843180492282184,
          1.5946142705394957
        ],
        [
          0.9052444894526941,
          -0.21290879623302328,
          0.36769859777015207,
          0.7350294414341183
        ],
        [
          0.0007846225804235393,
          0.8662311732526718,
          0.4996428112689162,
          1.9980099669474782
        ],
        [
          0.0,
          0.0,
          0.0,
          1.0
        ]
      ],
      "mask_path": "masks/29.png"
    },
    {
      "file_path": "images/30.png",
      "transform_matrix": [
        [
          -0.10524965646242307,
          -0.4965754929799628,
          0.8615888170039403,
          1.7473003647319234
        ],
        [
          0.9944455544476273,
          -0.05320186497080701,
          0.09081630251766239,
          0.1729421676351568
        ],
        [
          0.00074098170927535,
          0.86636155347253,
          0.4994167694529004,
          1.9975523384226237
        ],
        [
          0.0,
          0.0,
          0.0,
          1.0
        ]
      ],
      "mask_path": "masks/30.png"
    },
    {
      "file_path": "images/31.png",
      "transform_matrix": [
        [
          0.18981536971530422,
          -0.49029459760204164,
          0.8506358404053374,
          1.7221409018372469
        ],
        [
          0.9818197334854363,
          0.09446286883557826,
          -0.16464135977918584,
          -0.3443214191905428
        ],
        [
          0.0003692674225376136,
          0.8664225146968448,
          0.49931141551937924,
          1.997342887314482
        ],
        [
          0.0,
          0.0,
          0.0,
          1.0
        ]
      ],
      "mask_path": "masks/31.png"
    },
    {
      "file_path": "images/32.png",
      "transform_matrix": [
        [
          0.4827675629742389,
          -0.4372446715216241,
          0.7587836169593156,
          1.5322413565666182
        ],
        [
          0.8757484979510558,
          0.2408188703493155,
          -0.41841467471893157,
          -0.8573978722829473
        ],
        [
          0.0002201735315963108,
          0.8665006456487074,
          0.49917590347891333,
          1.9970699110809982
        ],
        [
          0.0,
          0.0,
          0.0,
          1.0
        ]
      ],
      "mask_path": "masks/32.png"
    },
    {
      "file_path": "images/33.png",
      "transform_matrix": [
        [
          0.7225279070982331,
          -0.3450022286569461,
          0.5991050706562141,
          1.2058854543988298
        ],
        [
          0.69134173281985,
          0.3607890992430298,
          -0.6260014651173353,
          -1.2756697730499489
        ],
        [
          -0.00017867818599307162,
          0.8664898661202816,
          0.49919463136632625,
          1.9971122118374551
        ],
        [
          0.0,
          0.0,
          0.0,
          1.0
        ]
      ],
      "mask_path": "masks/33.png"
    },
    {
      "file_path": "images/34.png",
      "transform_matrix": [
        [
          0.908640220732079,
          -0.20821425863564794,
          0.36196653404529916,
          0.7236587773272699
        ],
        [
          0.4175797599682294,
          0.4537015054223953,
          -0.7872624010089192,
          -1.5993647079667974
        ],
        [
          -0.00030550423108663595,
          0.8664881802299786,
          0.4991974961765184,
          1.997119367335862
        ],
        [
          0.0,
          0.0,
          0.0,
          1.0
        ]
      ],
      "mask_path": "masks/34.png"
    },
    {
      "file_path": "images/35.png",
      "transform_matrix": [
        [
          0.9913268948863273,
          -0.06519445389110223,
          0.11410815333215123,
          0.2200296248875784
        ],
        [
          0.13141812407208536,
          0.4951696835428223,
          -0.8587993136731511,
          -1.7408630967256336
        ],
        [
          -0.0005139459181627024,
          0.866346736406355,
          0.49944275765862395,
          1.9976183937230214
        ],
        [
          0.0,
          0.0,
          0.0,
          1.0
        ]
      ],
      "mask_path": "masks/35.png"
    },
    {
      "file_path": "images/36.png",
      "transform_matrix": [
        [
          0.9804920100349733,
          0.0989100637912939,
          -0.16985940521025142,
          -0.3552064763851769
        ],
        [
          -0.19655714880307906,
          0.4896942696586131,
          -0.8494497098227312,
          -1.7180885455753854
        ],
        [
          -0.0008399476069819464,
          0.8662657337932281,
          0.4995827988869291,
          1.9979056886944375
        ],
        [
          0.0,
          0.0,
          0.0,
          1.0
        ]
      ],
      "mask_path": "masks/36.png"
    },
    {
      "file_path": "images/37.png",
      "transform_matrix": [
        [
          0.8695963630738717,
          0.24760672724520302,
          -0.4271920808624789,
          -0.8746170165515167
        ],
        [
          -0.49376211987739604,
          0.4342080067572143,
          -0.7534337235896112,
          -1.520106007881286
        ],
        [
          -0.001065036560426865,
          0.8661144932922243,
          0.49984452603412427,
          1.9984382141092931
        ],
        [
          0.0,
          0.0,
          0.0,
          1.0
        ]
      ],
      "mask_path": "masks/37.png"
    },
    {
      "file_path": "images/38.png",
      "transform_matrix": [
        [
          0.6973215023793427,
          0.35892248559024587,
          -0.6204170949104612,
          -1.2642135208692664
        ],
        [
          -0.7167579937587893,
          0.3481781335349225,
          -0.6041770979696375,
          -1.2151038237592227
        ],
        [
          -0.0008370796208804784,
          0.8659945939010575,
          0.5000526598587902,
          1.9988570559894014
        ],
        [
          0.0,
          0.0,
          0.0,
          1.0
        ]
      ],
      "mask_path": "masks/38.png"
    },
    {
      "file_path": "images/39.png",
      "transform_matrix": [
        [
          0.4191918775467208,
          0.45457565736709454,
          -0.7859002109225629,
          -1.596261532436404
        ],
        [
          -0.9078972309289807,
          0.20903896080729537,
          -0.3633529013728875,
          -0.7251236592536326
        ],
        [
          -0.0008876206083346126,
          0.8658312102216459,
          0.5003354150325318,
          1.999430168344936
        ],
        [
          0.0,
          0.0,
          0.0,
          1.0
        ]
      ],
      "mask_path": "masks/39.png"
    },
    {
      "file_path": "images/40.png",
      "transform_matrix": [
        [
          -0.15084346714227523,
          0.4948557008412988,
          -0.8557827316354102,
          -2.230637666287772
        ],
        [
          -0.9885574511391524,
          -0.0760733456599144,
          0.13025748299951828,
          0.42036858404496047
        ],
        [
          -0.0006435975139361415,
          0.8656388862712756,
          0.5006684575218074,
          2.0001877792299405
        ],
        [
          0.0,
          0.0,
          0.0,
          1.0
        ]
      ],
      "mask_path": "masks/40.png"
    },
    {
      "file_path": "images/41.png",
      "transform_matrix": [
        [
          -0.1992281401661612,
          0.49055746627458163,
          -0.8483286629886999,
          -2.2075141938721954
        ],
        [
          -0.9799530258371076,
          -0.10014207321685713,
          0.17223133374774371,
          0.5298081740517329
        ],
        [
          -0.00046402438458790563,
          0.8656355685010247,
          0.5006743924221392,
          2.000188968176985
        ],
        [
          0.0,
          0.0,
          0.0,
          1.0
        ]
      ],
      "mask_path": "masks/41.png"
    },
    {
      "file_path": "images/42.png",
      "transform_matrix": [
        [
          -0.4822456928834893,
          0.43859947244589,
          -0.7583334322483155,
          -1.9492611105975377
        ],
        [
          -0.8760359707127108,
          -0.24170382412416977,
          0.4173011375747628,
          1.1639704678961307
        ],
        [
          -0.0002640317442641781,
          0.8655690406743646,
          0.5007895427355674,
          2.0004748009344864
        ],
        [
          0.0,
          0.0,
          0.0,
          1.0
        ]
      ],
      "mask_path": "masks/42.png"
    },
    {
      "file_path": "images/43.png",
      "transform_matrix": [
        [
          -0.7276716920956617,
          0.3435446627858096,
          -0.5936926588682235,
          -1.4974758424840489
        ],
        [
          -0.6859255776599152,
          -0.36432422784890794,
          0.6298999594492832,
          1.7062066839322034
        ],
        [
          0.00010214963606852492,
          0.8655893493300858,
          0.5007544986235974,
          2.0003535724890416
        ],
        [
          0.0,
          0.0,
          0.0,
          1.0
        ]
      ],
      "mask_path": "masks/43.png"
    },
    {
      "file_path": "images/44.png",
      "transform_matrix": [
        [
          -0.9033268118745044,
          0.21503077468224213,
          -0.37116362549177595,
          -0.9002532672756626
        ],
        [
          -0.4289528910065548,
          -0.45223131486136686,
          0.7819758660955455,
          2.084181196735581
        ],
        [
          0.0002970618844845819,
          0.8655914762740646,
          0.5007507443388605,
          2.000328027173338
        ],
        [
          0.0,
          0.0,
          0.0,
          1.0
        ]
      ],
      "mask_path": "masks/44.png"
    },
    {
      "file_path": "images/45.png",
      "transform_matrix": [
        [
          -0.9900407355984466,
          0.07102096055722742,
          -0.12155395928235178,
          -0.2386660473292414
        ],
        [
          -0.1407797672065697,
          -0.4955743284223048,
          0.8570805925664434,
          2.2580295988247867
        ],
        [
          0.0006316652206027875,
          0.8656570384224404,
          0.5006370869489583,
          2.0000031737070123
        ],
        [
          0.0,
          0.0,
          0.0,
          1.0
        ]
      ],
      "mask_path": "masks/45.png"
    },
    {
      "file_path": "images/46.png",
      "transform_matrix": [
        [
          -0.9782468838103572,
          -0.10316731569674219,
          0.17997094011882678,
          0.5515579928168568
        ],
        [
          0.20744260397097175,
          -0.48974468753985934,
          0.8468280268650938,
          2.202902729647662
        ],
        [
          0.0007748374463090992,
          0.8657405188614048,
          0.500492511061372,
          1.9996124963809851
        ],
        [
          0.0,
          0.0,
          0.0,
          1.0
        ]
      ],
      "mask_path": "masks/46.png"
    },
    {
      "file_path": "images/47.png",
      "transform_matrix": [
        [
          -0.881119979911632,
          -0.23587682045167066,
          0.4098654737522246,
          1.146140388158763
        ],
        [
          0.472892030815322,
          -0.4410404211385051,
          0.7627951717947162,
          1.9612445393652203
        ],
        [
          0.0008415413749905378,
          0.8659361826922237,
          0.500153795659429,
          1.9987191427626028
        ],
        [
          0.0,
          0.0,
          0.0,
          1.0
        ]
      ],
      "mask_path": "masks/47.png"
    },
    {
      "file_path": "images/48.png",
      "transform_matrix": [
        [
          -0.6753360045420259,
          -0.3681030646176119,
          0.6390785669918333,
          1.7309052830805842
        ],
        [
          0.7375094325319222,
          -0.33831287143089356,
          0.5844863026201946,
          1.4722110774172246
        ],
        [
          0.0010573058474372934,
          0.8660511156065246,
          0.4999543451766761,
          1.9981786089790226
        ],
        [
          0.0,
          0.0,
          0.0,
          1.0
        ]
      ],
      "mask_path": "masks/48.png"
    },
    {
      "file_path": "images/49.png",
      "transform_matrix": [
        [
          -0.4260868881524539,
          -0.45170511951491876,
          0.7838446585571478,
          2.0901162316435897
        ],
        [
          0.9046817813162147,
          -0.21362066512136552,
          0.3686693450608915,
          0.8928631021714198
        ],
        [
          0.0009155867405907633,
          0.8662151559728788,
          0.49967035659903025,
          1.997445556023598
        ],
        [
          0.0,
          0.0,
          0.0,
          1.0
        ]
      ],
      "mask_path": "masks/49.png"
    },
    {
      "file_path": "images/50.png",
      "transform_matrix": [
        [
          -0.14351517956347112,
          -0.4941783747349631,
          0.8574328703631411,
          2.2604621632195103
        ],
        [
          0.9896477950294352,
          -0.07236157781081286,
          0.12393967827175789,
          0.24434790668592488
        ],
        [
          0.0007968865928195104,
          0.8663437747228523,
          0.49944752374070106,
          1.9968709084581613
        ],
        [
          0.0,
          0.0,
          0.0,
          1.0
        ]
      ],
      "mask_path": "masks/50.png"
    },
    {
      "file_path": "images/51.png",
      "transform_matrix": [
        [
          0.18865522695850373,
          -0.49045376273397595,
          0.8508021579435026,
          2.216739226531121
        ],
        [
          0.9820432474272242,
          0.09376390964985458,
          -0.1637051906011717,
          -0.5093871784693459
        ],
        [
          0.0005152900421115153,
          0.8664083539920764,
          0.4993358575236849,
          1.9966008972653146
        ],
        [
          0.0,
          0.0,
          0.0,
          1.0
        ]
      ],
      "mask_path": "masks/51.png"
    },
    {
      "file_path": "images/52.png",
      "transform_matrix": [
        [
          0.4899582439169905,
          -0.43518267917414843,
          0.7553522059043642,
          1.9418426400394524
        ],
        [
          0.8717458907493986,
          0.24444650379761357,
          -0.42462337281720736,
          -1.1847540181534544
        ],
        [
          0.00014553115341862745,
          0.8665229036372517,
          0.4991372920277044,
          1.9961100324523713
        ],
        [
          0.0,
          0.0,
          0.0,
          1.0
        ]
      ],
      "mask_path": "masks/52.png"
    },
    {
      "file_path": "images/53.png",
      "transform_matrix": [
        [
          0.714459205243838,
          -0.34927406752626866,
          0.6062636965842497,
          1.5327918584028406
        ],
        [
          0.6996770998167553,
          0.35664593532132094,
          -0.6190764353541448,
          -1.6808065365270124
        ],
        [
          5.86156615406208e-06,
          0.8664936829385637,
          0.49918803811109735,
          1.9962545057274026
        ],
        [
          0.0,
          0.0,
          0.0,
          1.0
        ]
      ],
      "mask_path": "masks/53.png"
    },
    {
      "file_path": "images/54.png",
      "transform_matrix": [
        [
          0.9094671547709607,
          -0.20732937056992484,
          0.3603942653426839,
          0.8727470039550573
        ],
        [
          0.41577564710245174,
          0.45418943539282336,
          -0.7879356369996767,
          -2.1008511597053037
        ],
        [
          -0.00032506822604919295,
          0.8664447408096073,
          0.49927287674579446,
          1.996503743434073
        ],
        [
          0.0,
          0.0,
          0.0,
          1.0
        ]
      ],
      "mask_path": "masks/54.png"
    },
    {
      "file_path": "images/55.png",
      "transform_matrix": [
        [
          0.9952743356427902,
          -0.04804501261798524,
          0.08438408364934989,
          0.14168221143118578
        ],
        [
          0.09710165357104839,
          0.4970517326886673,
          -0.8622707486079776,
          -2.270255231208427
        ],
        [
          -0.0005154459922649699,
          0.8663897805224456,
          0.49936808320285925,
          1.996768811130426
        ],
        [
          0.0,
          0.0,
          0.0,
          1.0
        ]
      ],
      "mask_path": "masks/55.png"
    },
    {
      "file_path": "images/56.png",
      "transform_matrix": [
        [
          0.9849803810581691,
          0.08691304622697514,
          -0.1491970888658756,
          -0.4695144034559992
        ],
        [
          -0.1726646279430783,
          0.4919981283925801,
          -0.8533022723018362,
          -2.224938280522216
        ],
        [
          -0.0007584113545202351,
          0.866247057168881,
          0.4996153127742097,
          1.9974369108367136
        ],
        [
          0.0,
          0.0,
          0.0,
          1.0
        ]
      ],
      "mask_path": "masks/56.png"
    },
    {
      "file_path": "images/57.png",
      "transform_matrix": [
        [
          0.8789302141761988,
          0.23908993599074738,
          -0.41269562769203433,
          -1.1516108873602906
        ],
        [
          -0.4769495473969422,
          0.4389665721262528,
          -0.7614640357847374,
          -1.9598876988002731
        ],
        [
          -0.0008988025555644894,
          0.8661087409001643,
          0.49985482001306986,
          1.998076249240159
        ],
        [
          0.0,
          0.0,
          0.0,
          1.0
        ]
      ],
      "mask_path": "masks/57.png"
    },
    {
      "file_path": "images/58.png",
      "transform_matrix": [
        [
          0.6790281189735021,
          0.36761801516649806,
          -0.6354351332499267,
          -1.7201840899167546
        ],
        [
          -0.7341117808682598,
          0.33904225999373744,
          -0.5883283429589052,
          -1.4853485972040725
        ],
        [
          -0.0008407340482706491,
          0.8659719053545465,
          0.5000919438492053,
          1.9986936613698378
        ],
        [
          0.0,
          0.0,
          0.0,
          1.0
        ]
      ],
      "mask_path": "masks/58.png"
    },
    {
      "file_path": "images/59.png",
      "transform_matrix": [
        [
          0.4370112894594835,
          0.4502693691752426,
          -0.7786389587398571,
          -2.0764098228269496
        ],
        [
          -0.8994556444721146,
          0.21797696372858544,
          -0.37876851362134134,
          -0.922576083986532
        ],
        [
          -0.0008225036248242799,
          0.8658773229887685,
          0.5002557196290625,
          1.9991218039477936
        ],
        [
          0.0,
          0.0,
          0.0,
          1.0
        ]
      ],
      "mask_path": "masks/59.png"
    },
    {
      "file_path": "images/60.png",
      "transform_matrix": [
        [
          -0.11538929098805806,
          0.49726006962539687,
          -0.8598940252620778,
          -2.7540645225313027
        ],
        [
          -0.9933202309604094,
          -0.058182544910550575,
          0.09964793140096194,
          0.4341306704388853
        ],
        [
          -0.00047988543665584136,
          0.8656484359275868,
          0.5006521298127977,
          2.0001909328142795
        ],
        [
          0.0,
          0.0,
          0.0,
          1.0
        ]
      ],
      "mask_path": "masks/60.png"
    },
    {
      "file_path": "images/61.png",
      "transform_matrix": [
        [
          -0.20352139212356815,
          0.49008941010380697,
          -0.8475797384625163,
          -2.7042973864261715
        ],
        [
          -0.9790703705348549,
          -0.10232017444174625,
          0.17593121224772157,
          0.6779923225416505
        ],
        [
          -0.0005024826634408098,
          0.8656459738289745,
          0.5006563646902532,
          2.000207133375985
        ],
        [
          0.0,
          0.0,
          0.0,
          1.0
        ]
      ],
      "mask_path": "masks/61.png"
    },
    {
      "file_path": "images/62.png",
      "transform_matrix": [
        [
          -0.4921851854740989,
          0.43585529959418706,
          -0.7535143668275265,
          -2.3688583740130813
        ],
        [
          -0.870490498252609,
          -0.24662527093242137,
          0.42593692982580644,
          1.4702514608296735
        ],
        [
          -0.00018881671285561827,
          0.8655669434267756,
          0.5007932016262578,
          2.0006116705328862
        ],
        [
          0.0,
          0.0,
          0.0,
          1.0
        ]
      ],
      "mask_path": "masks/62.png"
    },
    {
      "file_path": "images/63.png",
      "transform_matrix": [
        [
          -0.7407019669289864,
          0.3364585467390839,
          -0.5815120312717138,
          -1.786770601660628
        ],
