{
    "frames": [
        {
            "file_path": "train/91",
            "transform_matrix": [
                [
                    0.20499517021473063,
                    -0.48967590075746237,
                    0.8474635640580669,
                    3.2008971098527743
                ],
                [
                    0.978762864378671,
                    0.1029885365655527,
                    -0.177247331853952,
                    -0.7932724335319814
                ],
                [
                    -0.0004852853725270341,
                    0.8658007123775386,
                    0.5003887398260013,
                    2.002841467600778
                ],
                [
                    0.0,
                    0.0,
                    0.0,
                    1.0
                ]
            ]
        },
        {
            "file_path": "train/84",
            "transform_matrix": [
                [
                    -0.9071600643922789,
                    0.21012176900598836,
                    -0.3645674968529025,
                    -1.2773920276974602
                ],
                [
                    -0.4207857134435231,
                    -0.45305851260831836,
                    0.785924530419406,
                    3.0435749420734686
                ],
                [
                    -3.055523258752216e-05,
                    0.8663641418843077,
                    0.49941282795243197,
                    1.9990706993186336
                ],
                [
                    0.0,
                    0.0,
                    0.0,
                    1.0
                ]
            ]
        },
        {
            "file_path": "train/53",
            "transform_matrix": [
                [
                    0.739353093640266,
                    -0.3369698473296964,
                    0.5829308062842189,
                    1.4713498039435229
                ],
                [
                    0.6733178922778049,
                    0.3701945211967852,
                    -0.6399992440733485,
                    -1.7320704438101115
                ],
                [
                    -0.00013734315672492487,
                    0.8656831628641534,
                    0.5005922918607251,
                    2.002493829066397
                ],
                [
                    0.0,
                    0.0,
                    0.0,
                    1.0
                ]
            ]
        },
        {
            "file_path": "train/20",
            "transform_matrix": [
                [
                    -0.10539347257713885,
                    0.49684346746457214,
                    -0.8614167311910725,
                    -1.7455842209087082
                ],
                [
                    -0.9944304337652465,
                    -0.05215817526876849,
                    0.0915840442112922,
                    0.2117498046777176
                ],
                [
                    0.0005730092454534952,
                    0.8662713741030654,
                    0.49957339607908613,
                    1.9998506168581707
                ],
                [
                    0.0,
                    0.0,
                    0.0,
                    1.0
                ]
            ]
        },
        {
            "file_path": "train/16",
            "transform_matrix": [
                [
                    0.980545067465098,
                    0.09781299160515626,
                    -0.17018809988690728,
                    -0.19214637136315704
                ],
                [
                    -0.19629345607160842,
                    0.4908096863930026,
                    -0.848866733266339,
                    -1.2469839722907254
                ],
                [
                    0.0004997732784371413,
                    0.8657588985485809,
                    0.5004610672276297,
                    2.0012178413783372
                ],
                [
                    0.0,
                    0.0,
                    0.0,
                    1.0
                ]
            ]
        },
        {
            "file_path": "train/57",
            "transform_matrix": [
                [
                    0.870523023050987,
                    0.2457318119225844,
                    -0.42638661206399736,
                    -1.1880552830332247
                ],
                [
                    -0.4921273053713434,
                    0.43576145705656333,
                    -0.753606440957003,
                    -1.9377492264569836
                ],
                [
                    0.000617775129524626,
                    0.8658682516140571,
                    0.5002717153714618,
                    2.001592854332367
                ],
                [
                    0.0,
                    0.0,
                    0.0,
                    1.0
                ]
            ]
        },
        {
            "file_path": "train/75",
            "transform_matrix": [
                [
                    0.9916485931981371,
                    -0.0647725935924208,
                    0.1115238930788686,
                    0.23850711913829076
                ],
                [
                    0.12896899763067587,
                    0.49632468994828866,
                    -0.8585038146670486,
                    -2.785007189018936
                ],
                [
                    0.0002554570307761163,
                    0.8657172247720654,
                    0.5005333370262757,
                    2.0028133104935297
                ],
                [
                    0.0,
                    0.0,
                    0.0,
                    1.0
                ]
            ]
        },
        {
            "file_path": "train/26",
            "transform_matrix": [
                [
                    -0.9814619875346932,
                    -0.09616948349052602,
                    0.1657823798526711,
                    0.36017843758606083
                ],
                [
                    0.19165623630140055,
                    -0.49020059696226104,
                    0.8502771676486585,
                    1.7227251805655857
                ],
                [
                    -0.0005040944669551537,
                    0.8662879458834739,
                    0.4995447334381176,
                    1.9998193735721126
                ],
                [
                    0.0,
                    0.0,
                    0.0,
                    1.0
                ]
            ]
        },
        {
            "file_path": "train/18",
            "transform_matrix": [
                [
                    0.6664709951776985,
                    0.37240875833442266,
                    -0.6458545728743137,
                    -0.9028496683604728
                ],
                [
                    -0.7455306411693082,
                    0.3337178701530577,
                    -0.5769024581488514,
                    -0.8828314422288237
                ],
                [
                    0.0006896843689387347,
                    0.8659931292200422,
                    0.5000554214076184,
                    2.000638058486188
                ],
                [
                    0.0,
                    0.0,
                    0.0,
                    1.0
                ]
            ]
        },
        {
            "file_path": "train/86",
            "transform_matrix": [
                [
                    -0.9807258291856302,
                    -0.09801239743114502,
                    0.16902786136598139,
                    0.7628878207845011
                ],
                [
                    0.19538835547885608,
                    -0.48979481797574054,
                    0.8496613600884647,
                    3.211291314686745
                ],
                [
                    -0.0004883763162982799,
                    0.866310917762157,
                    0.49950491014069437,
                    1.9994769909396448
                ],
                [
                    0.0,
                    0.0,
                    0.0,
                    1.0
                ]
            ]
        },
        {
            "file_path": "train/85",
            "transform_matrix": [
                [
                    -0.9933307147314018,
                    0.05737440779039223,
                    -0.10001134186633119,
                    -0.26016728530076666
                ],
                [
                    -0.1152997375945578,
                    -0.49615830855104354,
                    0.8605422147497435,
                    3.2904768161232076
                ],
                [
                    -0.00024835826641994764,
                    0.8663342947075738,
                    0.49946454141580676,
                    1.9992941208326838
                ],
                [
                    0.0,
                    0.0,
                    0.0,
                    1.0
                ]
            ]
        },
        {
            "file_path": "train/0",
            "transform_matrix": [
                [
                    0.08406900755575494,
                    0.49787514374273534,
                    -0.8631643778630703,
                    -1.2523825397256414
                ],
                [
                    -0.9964597721926283,
                    0.042499662987032484,
                    -0.07253758369152007,
                    -0.16252192952898897
                ],
                [
                    0.0005695352544258009,
                    0.8662067420016653,
                    0.4996854568030319,
                    2.000093059407728
                ],
                [
                    0.0,
                    0.0,
                    0.0,
                    1.0
                ]
            ]
        },
        {
            "file_path": "train/10",
            "transform_matrix": [
                [
                    -0.11412216240120943,
                    -0.49708070580089475,
                    0.860166788459864,
                    1.2452361849115285
                ],
                [
                    0.9934665386344989,
                    -0.05657180660275939,
                    0.09911542418457418,
                    0.20193227910892028
                ],
                [
                    -0.0006071758065551352,
                    0.8658581885148309,
                    0.5002891451144584,
                    2.0009040343707998
                ],
                [
                    0.0,
                    0.0,
                    0.0,
                    1.0
                ]
            ]
        },
        {
            "file_path": "train/61",
            "transform_matrix": [
                [
                    -0.16296656851893848,
                    0.49302007699673084,
                    -0.8546186876164714,
                    -2.7376443130572734
                ],
                [
                    -0.986631450292347,
                    -0.08097083179240097,
                    0.14142880078989165,
                    0.5780349916532869
                ],
                [
                    0.0005280522533519011,
                    0.8662418415644585,
                    0.4996246521978608,
                    1.9998468567284096
                ],
                [
                    0.0,
                    0.0,
                    0.0,
                    1.0
                ]
            ]
        },
        {
            "file_path": "train/99",
            "transform_matrix": [
                [
                    0.42627715634045277,
                    0.4520041371901057,
                    -0.7835687882664326,
                    -3.035102645746645
                ],
                [
                    -0.904592362888693,
                    0.2136381731899275,
                    -0.36887855448578455,
                    -1.293662614557743
                ],
                [
                    0.0006655717456053153,
                    0.8660548429049392,
                    0.49994856344943406,
                    2.0010262717115532
                ],
                [
                    0.0,
                    0.0,
                    0.0,
                    1.0
                ]
            ]
        },
        {
            "file_path": "train/25",
            "transform_matrix": [
                [
                    -0.9899855926706204,
                    0.07022983014937392,
                    -0.12245936984073862,
                    -0.224975460185558
                ],
                [
                    -0.1411680724192627,
                    -0.4944653118677704,
                    0.8576570589046291,
                    1.7457980025939963
                ],
                [
                    -0.00031880092614777945,
                    0.8663554849579349,
                    0.49942774457299705,
                    1.999577279506058
                ],
                [
                    0.0,
                    0.0,
                    0.0,
                    1.0
                ]
            ]
        },
        {
            "file_path": "train/24",
            "transform_matrix": [
                [
                    -0.9079437955557109,
                    0.20921206813606813,
                    -0.3631368538968733,
                    -0.714948700759201
                ],
                [
                    -0.4190919391198683,
                    -0.4534621211444182,
                    0.786596498372548,
                    1.6083106995874146
                ],
                [
                    -0.00010332782067676485,
                    0.8663731385687315,
                    0.49939721073502935,
                    1.9995099711227242
                ],
                [
                    0.0,
                    0.0,
                    0.0,
                    1.0
                ]
            ]
        },
        {
            "file_path": "train/42",
            "transform_matrix": [
                [
                    -0.4837503866526416,
                    0.43726081902016894,
                    -0.7581480987005315,
                    -1.95220027679424
                ],
                [
                    -0.875205968484526,
                    -0.24141292928325003,
                    0.41920676318965006,
                    1.171076484448444
                ],
                [
                    0.00027593927327847017,
                    0.8663271747582963,
                    0.499476876474603,
                    1.9995320995611567
                ],
                [
                    0.0,
                    0.0,
                    0.0,
                    1.0
                ]
            ]
        },
        {
            "file_path": "train/69",
            "transform_matrix": [
                [
                    -0.40581127784133736,
                    -0.45729445892264164,
                    0.7913273561652153,
                    2.6026864216423196
                ],
                [
                    0.9139566471145979,
                    -0.20240760599148291,
                    0.3517305904123772,
                    1.0239366456733476
                ],
                [
                    -0.0006737743121985349,
                    0.865975137561954,
                    0.5000865996532313,
                    2.0014851149519672
                ],
                [
                    0.0,
                    0.0,
                    0.0,
                    1.0
                ]
            ]
        },
        {
            "file_path": "train/9",
            "transform_matrix": [
                [
                    -0.4242133274267149,
                    -0.45311924823071925,
                    0.784044641405311,
                    1.1170550571697566
                ],
                [
                    0.9055619817223676,
                    -0.21155585526989534,
                    0.36769772553019936,
                    0.5880568438247445
                ],
                [
                    -0.0007416822861103115,
                    0.8659832948641972,
                    0.5000723776850063,
                    2.0005806519932277
                ],
                [
                    0.0,
                    0.0,
                    0.0,
                    1.0
                ]
            ]
        },
        {
            "file_path": "train/71",
            "transform_matrix": [
                [
                    0.20073982863258572,
                    -0.49010344345649626,
                    0.8482347174648331,
                    2.7120217484788554
                ],
                [
                    0.9796444399923971,
                    0.10090543706202272,
                    -0.17353634767190704,
                    -0.6789393280703659
                ],
                [
                    -0.0005407333381049851,
                    0.8658040814661291,
                    0.5003828535472113,
                    2.0024248639093236
                ],
                [
                    0.0,
                    0.0,
                    0.0,
                    1.0
                ]
            ]
        },
        {
            "file_path": "train/55",
            "transform_matrix": [
                [
                    0.9927680573008035,
                    -0.06031343925673912,
                    0.10379727090927042,
                    0.19308838278400398
                ],
                [
                    0.12004797374899728,
                    0.4968916776189925,
                    -0.8594691063160699,
                    -2.2642080399254394
                ],
                [
                    0.0002615376624577594,
                    0.8657141270407959,
                    0.500538691651349,
                    2.0023216825381764
                ],
                [
                    0.0,
                    0.0,
                    0.0,
                    1.0
                ]
            ]
        },
        {
            "file_path": "train/83",
            "transform_matrix": [
                [
                    -0.7250088627180786,
                    0.344115293502661,
                    -0.5966127837700229,
                    -2.1827665201926276
                ],
                [
                    -0.6887395090331702,
                    -0.36199241184035136,
                    0.6281714594493719,
                    2.4757198668822715
                ],
                [
                    0.0001941056067189509,
                    0.866340671184023,
                    0.4994535051187753,
                    1.9991981114206137
                ],
                [
                    0.0,
                    0.0,
                    0.0,
                    1.0
                ]
            ]
        },
        {
            "file_path": "train/66",
            "transform_matrix": [
                [
                    -0.9857959768384061,
                    -0.08425197651300965,
                    0.14528556880455704,
                    0.5889353656350339
                ],
                [
                    0.16794678409924862,
                    -0.49240797924312163,
                    0.8540071777733637,
                    2.7358749816878416
                ],
                [
                    -0.00041201933546367226,
                    0.8662770840968591,
                    0.4995636534103641,
                    1.999765528482669
                ],
                [
                    0.0,
                    0.0,
                    0.0,
                    1.0
                ]
            ]
        },
        {
            "file_path": "train/22",
            "transform_matrix": [
                [
                    -0.48326801565659505,
                    0.4373744510711386,
                    -0.7583901466880735,
                    -1.5277671914823105
                ],
                [
                    -0.8754724021128029,
                    -0.24112424341240007,
                    0.41881639459032266,
                    0.872944452911144
                ],
                [
                    0.00031334035195491693,
                    0.8663502113978032,
                    0.4994368959426265,
                    1.999580103637813
                ],
                [
                    0.0,
                    0.0,
                    0.0,
                    1.0
                ]
            ]
        },
        {
            "file_path": "train/23",
            "transform_matrix": [
                [
                    -0.7166909384616724,
                    0.34836537443273435,
                    -0.6041487106857618,
                    -1.2093340257165455
                ],
                [
                    -0.6973909103222484,
                    -0.3578446271273466,
                    0.6209614650169497,
                    1.2789591651885999
                ],
                [
                    0.00013010316411529529,
                    0.8663652744266886,
                    0.49941084723976065,
                    1.9995318141693303
                ],
                [
                    0.0,
                    0.0,
                    0.0,
                    1.0
                ]
            ]
        },
        {
            "file_path": "train/89",
            "transform_matrix": [
                [
                    -0.4173404883605395,
                    -0.4546582080143529,
                    0.7868372326346563,
                    3.0459132227863592
                ],
                [
                    0.9087499688710776,
                    -0.20818949498473166,
                    0.3617051675810263,
                    1.2667747310564506
                ],
                [
                    -0.0006409772245277048,
                    0.8659925219441448,
                    0.500056537888485,
                    2.001595779736164
                ],
                [
                    0.0,
                    0.0,
                    0.0,
                    1.0
                ]
            ]
        },
        {
            "file_path": "train/64",
            "transform_matrix": [
                [
                    -0.9163956130815548,
                    0.1998396602954813,
                    -0.34681867091877877,
                    -1.0072426166104664
                ],
                [
                    -0.4002737440230383,
                    -0.457735638950499,
                    0.7938885404641876,
                    2.6113896105214414
                ],
                [
                    -0.00010084969413135162,
                    0.8663383836628533,
                    0.499457500516084,
                    1.9993848301905555
                ],
                [
                    0.0,
                    0.0,
                    0.0,
                    1.0
                ]
            ]
        },
        {
            "file_path": "train/21",
            "transform_matrix": [
                [
                    -0.20521123361747012,
                    0.4890055632668837,
                    -0.8477982712244901,
                    -1.716069135690319
                ],
                [
                    -0.9787175878971811,
                    -0.10210454513537238,
                    0.17800714874246623,
                    0.38671131656531155
                ],
                [
                    0.00048242918641000997,
                    0.866284145622403,
                    0.49955134501404713,
                    1.9998081634482379
                ],
                [
                    0.0,
                    0.0,
                    0.0,
                    1.0
                ]
            ]
        },
        {
            "file_path": "train/60",
            "transform_matrix": [
                [
                    -0.1439021293247884,
                    0.4944439412836288,
                    -0.8572148891052369,
                    -2.74841944797347
                ],
                [
                    -0.9895917554969128,
                    -0.07139350374356779,
                    0.12494448797668421,
                    0.5252213247037669
                ],
                [
                    0.0005784706824799293,
                    0.8662725648149829,
                    0.4995713250583353,
                    1.999668586034714
                ],
                [
                    0.0,
                    0.0,
                    0.0,
                    1.0
                ]
            ]
        },
        {
            "file_path": "train/87",
            "transform_matrix": [
                [
                    -0.8767363603004074,
                    -0.24078598172889837,
                    0.41635977895330495,
                    1.6917902677352832
                ],
                [
                    0.48097092203439895,
                    -0.43788664915231296,
                    0.7595539840271655,
                    2.8334338000242396
                ],
                [
                    -0.0005715632724166162,
                    0.8661855421888605,
                    0.4997222026470465,
                    2.000314451104463
                ],
                [
                    0.0,
                    0.0,
                    0.0,
                    1.0
                ]
            ]
        },
        {
            "file_path": "train/31",
            "transform_matrix": [
                [
                    0.17674080777019308,
                    -0.49245456748788685,
                    0.8522037231959608,
                    1.7249806421379281
                ],
                [
                    0.9842572992052272,
                    0.08887384514598091,
                    -0.15277109873991226,
                    -0.33241349749859744
                ],
                [
                    -0.0005057963735334451,
                    0.8657886223607274,
                    0.5004096377576496,
                    2.0015755965084194
                ],
                [
                    0.0,
                    0.0,
                    0.0,
                    1.0
                ]
            ]
        },
        {
            "file_path": "train/13",
            "transform_matrix": [
                [
                    0.7211757402876044,
                    -0.3467093747666401,
                    0.599748414812037,
                    0.9142642107055543
                ],
                [
                    0.6927521405785627,
                    0.3611257761391016,
                    -0.6242456612037852,
                    -0.8686715915690602
                ],
                [
                    -0.00015278889044046046,
                    0.8656678250096033,
                    0.5006188104722973,
                    2.0014101111147684
                ],
                [
                    0.0,
                    0.0,
                    0.0,
                    1.0
                ]
            ]
        },
        {
            "file_path": "train/81",
            "transform_matrix": [
                [
                    -0.20191133632894964,
                    0.4894600042333789,
                    -0.8483281891566017,
                    -3.204813911439252
                ],
                [
                    -0.9794036794673008,
                    -0.10046812142994689,
                    0.17514162618364207,
                    0.7865389336242204
                ],
                [
                    0.0004948815726538833,
                    0.8662188296453724,
                    0.4996645817546315,
                    1.9999649218612607
                ],
                [
                    0.0,
                    0.0,
                    0.0,
                    1.0
                ]
            ]
        },
        {
            "file_path": "train/54",
            "transform_matrix": [
                [
                    0.9186856848977308,
                    -0.19778471112595508,
                    0.34190323252173216,
                    0.8241496217615252
                ],
                [
                    0.3949893785047604,
                    0.45989278646520415,
                    -0.7952873793954567,
                    -2.1175936817370173
                ],
                [
                    5.685428996826462e-05,
                    0.8656672761529643,
                    0.5006197796386966,
                    2.0025506515387757
                ],
                [
                    0.0,
                    0.0,
                    0.0,
                    1.0
                ]
            ]
        },
        {
            "file_path": "train/1",
            "transform_matrix": [
                [
                    -0.19691090692821356,
                    0.48988566700149916,
                    -0.8492573979655432,
                    -1.2480932436753949
                ],
                [
                    -0.9804212731319958,
                    -0.09797395055331763,
                    0.17080758824833533,
                    0.1926479548447424
                ],
                [
                    0.0004710869826378744,
                    0.8662638964423443,
                    0.49958646878952034,
                    1.9999432154656576
                ],
                [
                    0.0,
                    0.0,
                    0.0,
                    1.0
                ]
            ]
        },
        {
            "file_path": "train/65",
            "transform_matrix": [
                [
                    -0.9921025308648449,
                    0.06248702653207879,
                    -0.10875633207656825,
                    -0.2297085630416667
                ],
                [
                    -0.1254294001660407,
                    -0.4955207708399672,
                    0.8594920774737553,
                    2.7894325734991208
                ],
                [
                    -0.0001839172550944809,
                    0.8663455068166187,
                    0.4994451211025084,
                    1.9993550863715872
                ],
                [
                    0.0,
                    0.0,
                    0.0,
                    1.0
                ]
            ]
        },
        {
            "file_path": "train/59",
            "transform_matrix": [
                [
                    0.43343665219358574,
                    0.45031919978306206,
                    -0.7806057179152349,
                    -2.0836582586340846
                ],
                [
                    -0.9011837444875253,
                    0.21728494314830804,
                    -0.3750401473875557,
                    -0.911761415214263
                ],
                [
                    0.0007260899803702267,
                    0.8660253297610753,
                    0.49999960100540203,
                    2.0008702045338898
                ],
                [
                    0.0,
                    0.0,
                    0.0,
                    1.0
                ]
            ]
        },
        {
            "file_path": "train/29",
            "transform_matrix": [
                [
                    -0.4486263400201155,
                    -0.44715742723139656,
                    0.7738117615492504,
                    1.5809322674524413
                ],
                [
                    0.8937191602923679,
                    -0.22379868280445792,
                    0.3888189965797639,
                    0.7690757275857625
                ],
                [
                    -0.0006852491959809129,
                    0.8660048411220272,
                    0.5000351443516261,
                    2.0008195808547367
                ],
                [
                    0.0,
                    0.0,
                    0.0,
                    1.0
                ]
            ]
        },
        {
            "file_path": "train/32",
            "transform_matrix": [
                [
                    0.48399124646003694,
                    -0.4378846864869568,
                    0.7576341298346316,
                    1.52583858397323
                ],
                [
                    0.8750727669896156,
                    0.24253918028110877,
                    -0.4188345717603861,
                    -0.8698298990104233
                ],
                [
                    -0.0003547156578872522,
                    0.8656972608070257,
                    0.500567804406171,
                    2.001893053216236
                ],
                [
                    0.0,
                    0.0,
                    0.0,
                    1.0
                ]
            ]
        },
        {
            "file_path": "train/68",
            "transform_matrix": [
                [
                    -0.6650959150687334,
                    -0.3736860308144303,
                    0.6465339698214169,
                    2.167711195865083
                ],
                [
                    0.7467576210830301,
                    -0.3320187852049046,
                    0.5762955679384261,
                    1.7689634911175893
                ],
                [
                    -0.000692180105047043,
                    0.8660959973612717,
                    0.4998772291688091,
                    2.0008117271842245
                ],
                [
                    0.0,
                    0.0,
                    0.0,
                    1.0
                ]
            ]
        },
        {
            "file_path": "train/14",
            "transform_matrix": [
                [
                    0.9102711978399199,
                    -0.20730696204148735,
                    0.358371552822217,
                    0.5742521177749877
                ],
                [
                    0.4140124881803547,
                    0.4556346218893588,
                    -0.7880296637604787,
                    -1.1234102637553103
                ],
                [
                    7.754862670633426e-05,
                    0.8656910042416236,
                    0.5005787442164722,
                    2.001365064588967
                ],
                [
                    0.0,
                    0.0,
                    0.0,
                    1.0
                ]
            ]
        },
        {
            "file_path": "train/48",
            "transform_matrix": [
                [
                    -0.6767956178307842,
                    -0.3683810718824385,
                    0.6373720087702258,
                    1.7269107107547241
                ],
                [
                    0.7361706386678132,
                    -0.33785252108015135,
                    0.5864370936112498,
                    1.482298065346003
                ],
                [
                    -0.0006945851071930595,
                    0.8661126138548795,
                    0.49984843470095736,
                    2.0005849100483597
                ],
                [
                    0.0,
                    0.0,
                    0.0,
                    1.0
                ]
            ]
        },
        {
            "file_path": "train/39",
            "transform_matrix": [
                [
                    0.42841335668104824,
                    0.45146602094879607,
                    -0.7827135029791797,
                    -1.5993647952502763
                ],
                [
                    -0.9035825951036672,
                    0.21472314835242665,
                    -0.3707188468197218,
                    -0.7293061694766729
                ],
                [
                    0.0006997449532198921,
                    0.8660672037955733,
                    0.49992710355282544,
                    2.000567941618221
                ],
                [
                    0.0,
                    0.0,
                    0.0,
                    1.0
                ]
            ]
        },
        {
            "file_path": "train/88",
            "transform_matrix": [
                [
                    -0.6889190553287132,
                    -0.36269623062934864,
                    0.6275683066346293,
                    2.473018047797913
                ],
                [
                    0.7248379609257029,
                    -0.3439076762016603,
                    0.5969400645380099,
                    2.184690788499786
                ],
                [
                    -0.0006823533270499413,
                    0.8661287170720277,
                    0.49982054765395617,
                    2.0007023369595576
                ],
                [
                    0.0,
                    0.0,
                    0.0,
                    1.0
                ]
            ]
        },
        {
            "file_path": "train/30",
            "transform_matrix": [
                [
                    -0.11389026169156481,
                    -0.4970863853161784,
                    0.8601942419158143,
                    1.748626694042525
                ],
                [
                    0.9934931419673936,
                    -0.056443203814984,
                    0.09892189649848235,
                    0.17819056437345998
                ],
                [
                    -0.0006206090421217503,
                    0.8658633207824408,
                    0.5002802460301834,
                    2.0013156494260183
                ],
                [
                    0.0,
                    0.0,
                    0.0,
                    1.0
                ]
            ]
        },
        {
            "file_path": "train/36",
            "transform_matrix": [
                [
                    0.9833948520508395,
                    0.09044715896629375,
                    -0.15733364673468117,
                    -0.34320260211866943
                ],
                [
                    -0.18147832495317417,
                    0.49215338347740956,
                    -0.8513816210747845,
                    -1.7223553650734957
                ],
                [
                    0.00042723775298092253,
                    0.865796949963826,
                    0.5003953026370637,
                    2.001524606438535
                ],
                [
                    0.0,
                    0.0,
                    0.0,
                    1.0
                ]
            ]
        },
        {
            "file_path": "train/40",
            "transform_matrix": [
                [
                    -0.14879478481285888,
                    0.4941238943201321,
                    -0.856563884993059,
                    -2.2367423644078697
                ],
                [
                    -0.9888679493904526,
                    -0.07387844163564186,
                    0.12915941518066215,
                    0.4187334236161205
                ],
                [
                    0.0005391482325212327,
                    0.8662468198633669,
