{
    "horizontal_fov": 1.3962634,
    "fl_x": 762.72,
    "fl_y": 762.72,
    "w": 1280,
    "h": 720,
    "cx": 640,
    "cy": 360,
    "k1": 0,
    "k2": 0,
    "k3": 0,
    "p1": 0,
    "p2": 0,
    "camera_model": "OPENCV",
    "frames": [
        {
            "file_path": "images/0.png",
            "transform_matrix": [
                [
                    -0.011987504529212784,
                    0.499638547833575,
                    -0.8661510383610462,
                    -1.7590407614927592
                ],
                [
                    -0.9999280914340588,
                    -0.005700331622622152,
                    0.010550743122294601,
                    0.008529942359684003
                ],
                [
                    0.00033420981825187037,
                    0.8662152317629542,
                    0.4996709522932555,
                    2.5001479041735486
                ],
                [
                    0.0,
                    0.0,
                    0.0,
                    1.0
                ]
            ],
            "mask_path": "masks/0.png"
        },
        {
            "file_path": "images/1.png",
            "transform_matrix": [
                [
                    -0.13458866257566576,
                    0.4951190281051927,
                    -0.8583373695198544,
                    -1.7439316284627826
                ],
                [
                    -0.9909014695713161,
                    -0.06688935782888543,
                    0.11679080190942119,
                    0.2244805040626232
                ],
                [
                    0.0004117128853009086,
                    0.86624647867533,
                    0.4996167217728919,
                    2.500038693339177
                ],
                [
                    0.0,
                    0.0,
                    0.0,
                    1.0
                ]
            ],
            "mask_path": "masks/1.png"
        },
        {
            "file_path": "images/2.png",
            "transform_matrix": [
                [
                    -0.39313363499792253,
                    0.4593926803206715,
                    -0.7964950158670859,
                    -1.6212417193668536
                ],
                [
                    -0.9194813262892394,
                    -0.19624017385407264,
                    0.3406521462887096,
                    0.6793055249732043
                ],
                [
                    0.00018878215290048047,
                    0.8662841101125615,
                    0.49955160386869546,
                    2.4999036799352066
                ],
                [
                    0.0,
                    0.0,
                    0.0,
                    1.0
                ]
            ],
            "mask_path": "masks/2.png"
        },
        {
            "file_path": "images/3.png",
            "transform_matrix": [
                [
                    -0.5844741036911966,
                    0.4053399168217566,
                    -0.7029150545729574,
                    -1.4347665097983582
                ],
                [
                    -0.8114123610739582,
                    -0.29192080488840866,
                    0.5063518776203838,
                    1.0168969667409047
                ],
                [
                    4.909945806921641e-05,
                    0.8663035238900019,
                    0.49951796973182866,
                    2.499833605827779
                ],
                [
                    0.0,
                    0.0,
                    0.0,
                    1.0
                ]
            ],
            "mask_path": "masks/3.png"
        },
        {
            "file_path": "images/4.png",
            "transform_matrix": [
                [
                    -0.7641728826081633,
                    0.3221657158939296,
                    -0.5587924990449337,
                    -1.1447485173135226
                ],
                [
                    -0.6450114754711961,
                    -0.381743619163488,
                    0.6619909408280695,
                    1.3350605088132779
                ],
                [
                    -4.468557965187274e-05,
                    0.8663030998042857,
                    0.49951870562841316,
                    2.499833809954362
                ],
                [
                    0.0,
                    0.0,
                    0.0,
                    1.0
                ]
            ],
            "mask_path": "masks/4.png"
        },
        {
            "file_path": "images/5.png",
            "transform_matrix": [
                [
                    -0.9135574220081623,
                    0.20295431196049707,
                    -0.35245195977670796,
                    -0.7289942661806005
                ],
                [
                    -0.4067096839196658,
                    -0.45644137328774226,
                    0.7913586454681378,
                    1.600901596672073
                ],
                [
                    -0.00026400713345981126,
                    0.8662971891953947,
                    0.4995288883462019,
                    2.49985142380803
                ],
                [
                    0.0,
                    0.0,
                    0.0,
                    1.0
                ]
            ],
            "mask_path": "masks/5.png"
        },
        {
            "file_path": "images/6.png",
            "transform_matrix": [
                [
                    -0.9783924320793946,
                    0.10302800331058186,
                    -0.17925813617128208,
                    -0.3787449656811179
                ],
                [
                    -0.20675632726755272,
                    -0.4886477554607669,
                    0.8476291596081315,
                    1.7184028051524867
                ],
                [
                    -0.0002645460259252127,
                    0.8663767088380142,
                    0.4993909574656021,
                    2.4995713048859303
                ],
                [
                    0.0,
                    0.0,
                    0.0,
                    1.0
                ]
            ],
            "mask_path": "masks/6.png"
        },
        {
            "file_path": "images/7.png",
            "transform_matrix": [
                [
                    -0.9984006809869688,
                    -0.02867726718965886,
                    0.0487205762618888,
                    0.0827854314134462
                ],
                [
                    0.05653165085645778,
                    -0.4987644311445136,
                    0.8648920248658406,
                    1.7572156084960089
                ],
                [
                    -0.0005026491829889532,
                    0.8662630412130158,
                    0.4995879209630434,
                    2.4999676183599724
                ],
                [
                    0.0,
                    0.0,
                    0.0,
                    1.0
                ]
            ],
            "mask_path": "masks/7.png"
        },
        {
            "file_path": "images/8.png",
            "transform_matrix": [
                [
                    -0.9545934973566899,
                    -0.14930566763030806,
                    0.25779657177276727,
                    0.5074956526358865
                ],
                [
                    0.2979110499344439,
                    -0.47693296424864795,
                    0.8269123012387442,
                    1.6838413534156094
                ],
                [
                    -0.0005110100594399056,
                    0.8661655530130866,
                    0.4997569145517181,
                    2.5003106097263217
                ],
                [
                    0.0,
                    0.0,
                    0.0,
                    1.0
                ]
            ],
            "mask_path": "masks/8.png"
        },
        {
            "file_path": "images/9.png",
            "transform_matrix": [
                [
                    -0.8416295568616977,
                    -0.2703874602342507,
                    0.46749364740588034,
                    0.9349979151806362
                ],
                [
                    0.5400549740572952,
                    -0.4204771124666102,
                    0.729067639446242,
                    1.4888792136043703
                ],
                [
                    -0.0005603684111416282,
                    0.8660771439310777,
                    0.4999100586579856,
                    2.5006207469486608
                ],
                [
                    0.0,
                    0.0,
                    0.0,
                    1.0
                ]
            ],
            "mask_path": "masks/9.png"
        },
        {
            "file_path": "images/10.png",
            "transform_matrix": [
                [
                    -0.6681194229908523,
                    -0.37226262722893305,
                    0.6442336323035172,
                    1.2959915837024125
                ],
                [
                    0.7440538477428649,
                    -0.3336250615910931,
                    0.5788593870167238,
                    1.187559460873545
                ],
                [
                    -0.0005552309506607642,
                    0.8660917126072458,
                    0.499884823806084,
                    2.500569660831948
                ],
                [
                    0.0,
                    0.0,
                    0.0,
                    1.0
                ]
            ],
            "mask_path": "masks/10.png"
        },
        {
            "file_path": "images/11.png",
            "transform_matrix": [
                [
                    -0.47452293235411547,
                    -0.44030275728285506,
                    0.7622082842630137,
                    1.538953991737934
                ],
                [
                    0.8802428213594964,
                    -0.23662152241641138,
                    0.41131840534361447,
                    0.8499987867967573
                ],
                [
                    -0.0007497433732653067,
                    0.8661083864381266,
                    0.4998556799981564,
                    2.5005071812200934
                ],
                [
                    0.0,
                    0.0,
                    0.0,
                    1.0
                ]
            ],
            "mask_path": "masks/11.png"
        },
        {
            "file_path": "images/12.png",
            "transform_matrix": [
                [
                    -0.25723012175832727,
                    -0.4836979410695327,
                    0.8365817152348545,
                    1.692470081570523
                ],
                [
                    0.9663499901229536,
                    -0.12821591475714522,
                    0.2229986004268999,
                    0.4688687652139327
                ],
                [
                    -0.0006008739999404537,
                    0.8657926893939931,
                    0.5004024959393717,
                    2.5016192495316503
                ],
                [
                    0.0,
                    0.0,
                    0.0,
                    1.0
                ]
            ],
            "mask_path": "masks/12.png"
        },
        {
            "file_path": "images/13.png",
            "transform_matrix": [
                [
                    0.03088740665217425,
                    -0.5000447806361799,
                    0.8654485458239665,
                    1.7564997797975601
                ],
                [
                    0.9995227909601697,
                    0.015797298103411028,
                    -0.02654497549113823,
                    -0.03722358128206187
                ],
                [
                    -0.0003980722250857916,
                    0.8658554514069581,
                    0.500294092317066,
                    2.5014028278505487
                ],
                [
                    0.0,
                    0.0,
                    0.0,
                    1.0
                ]
            ],
            "mask_path": "masks/13.png"
        },
        {
            "file_path": "images/14.png",
            "transform_matrix": [
                [
                    0.24849739836546,
                    -0.4845912666013093,
                    0.8387015841998493,
                    1.7050877128180124
                ],
                [
                    0.9686324796079234,
                    0.12467952644633212,
                    -0.21495612374092654,
                    -0.41987787033664736
                ],
                [
                    -0.0004030560805024043,
                    0.8658096326669377,
                    0.5003733781157216,
                    2.501563653810102
                ],
                [
                    0.0,
                    0.0,
                    0.0,
                    1.0
                ]
            ],
            "mask_path": "masks/14.png"
        },
        {
            "file_path": "images/15.png",
            "transform_matrix": [
                [
                    0.5102020141149323,
                    -0.43014864233517075,
                    0.7447590551918629,
                    1.5187260486648513
                ],
                [
                    0.8600545366656128,
                    0.255489377854591,
                    -0.44162356341614345,
                    -0.8815051409169373
                ],
                [
                    -0.00031425143586777594,
                    0.8658506356760869,
                    0.5003024864473009,
                    2.501421401265576
                ],
                [
                    0.0,
                    0.0,
                    0.0,
                    1.0
                ]
            ],
            "mask_path": "masks/15.png"
        },
        {
            "file_path": "images/16.png",
            "transform_matrix": [
                [
                    0.6831046259924023,
                    -0.36551888176408925,
                    0.6322689435846978,
                    1.2917832810120464
                ],
                [
                    0.7303205230751508,
                    0.34195810688151634,
                    -0.5913514916809186,
                    -1.1871541937266872
                ],
                [
                    -5.935501946397121e-05,
                    0.8657139251576927,
                    0.500539105630162,
                    2.5019053418664807
                ],
                [
                    0.0,
                    0.0,
                    0.0,
                    1.0
                ]
            ],
            "mask_path": "masks/16.png"
        },
        {
            "file_path": "images/17.png",
            "transform_matrix": [
                [
                    0.8317545609502043,
                    -0.2779192060479913,
                    0.48056764898210425,
                    0.9860339736908219
                ],
                [
                    0.5551434981092941,
                    0.4160602981620746,
                    -0.7202149157024321,
                    -1.4513776957777185
                ],
                [
                    0.00021643823339944986,
                    0.8658260467339497,
                    0.5003450908638472,
                    2.5015163239492564
                ],
                [
                    0.0,
                    0.0,
                    0.0,
                    1.0
                ]
            ],
            "mask_path": "masks/17.png"
        },
        {
            "file_path": "images/18.png",
            "transform_matrix": [
                [
                    0.9554720368510573,
                    -0.14771601006518686,
                    0.2554469948269383,
                    0.5319743210132976
                ],
                [
                    0.2950816511075942,
                    0.4780764559558227,
                    -0.8272664150322655,
                    -1.672139945612408
                ],
                [
                    7.730011806913812e-05,
                    0.8658076475933567,
                    0.500376969287706,
                    2.501578881227981
                ],
                [
                    0.0,
                    0.0,
                    0.0,
                    1.0
                ]
            ],
            "mask_path": "masks/18.png"
        },
        {
            "file_path": "images/19.png",
            "transform_matrix": [
                [
                    0.9977172427658504,
                    -0.03398284719564108,
                    0.058356401398538475,
                    0.13232593696590378
                ],
                [
                    0.06752961422414167,
                    0.49908142379452053,
                    -0.8639198363424545,
                    -1.7499332385575648
                ],
                [
                    0.00023385989020174654,
                    0.8658885023602706,
                    0.5002369906252835,
                    2.501297605898279
                ],
                [
                    0.0,
                    0.0,
                    0.0,
                    1.0
                ]
            ],
            "mask_path": "masks/19.png"
        },
        {
            "file_path": "images/20.png",
            "transform_matrix": [
                [
                    0.9789721382272496,
                    0.10165186141404965,
                    -0.17686280458543455,
                    -0.3447525938261172
                ],
                [
                    -0.20399344525201368,
                    0.48985277487402834,
                    -0.8476030516948533,
                    -1.7206777432563038
                ],
                [
                    0.00047630765316730516,
                    0.865858624729969,
                    0.5002885318611113,
                    2.501405474493067
                ],
                [
                    0.0,
                    0.0,
                    0.0,
                    1.0
                ]
            ],
            "mask_path": "masks/20.png"
        },
        {
            "file_path": "images/21.png",
            "transform_matrix": [
                [
                    0.9072496100348963,
                    0.20998060917759115,
                    -0.3644259717157061,
                    -0.7264189626708022
                ],
                [
                    -0.4205923102124341,
                    0.45398110043822243,
                    -0.7854955563432989,
                    -1.5978375776513913
                ],
                [
                    0.0005036682405080685,
                    0.8659152985219217,
                    0.5001904058496076,
                    2.501206966351778
                ],
                [
                    0.0,
                    0.0,
                    0.0,
                    1.0
                ]
            ],
            "mask_path": "masks/21.png"
        },
        {
            "file_path": "images/22.png",
            "transform_matrix": [
                [
                    0.7762470809082775,
                    0.3148105960826944,
                    -0.5462002910795972,
                    -1.0966433350619869
                ],
                [
                    -0.6304285590556871,
                    0.38838056266676896,
                    -0.6721014584641325,
                    -1.3712719371745976
                ],
                [
                    0.0005489156111051199,
                    0.8660570576680862,
                    0.49994486851546865,
                    2.5007098711771736
                ],
                [
                    0.0,
                    0.0,
                    0.0,
                    1.0
                ]
            ],
            "mask_path": "masks/22.png"
        },
        {
            "file_path": "images/23.png",
            "transform_matrix": [
                [
                    0.5990081781745932,
                    0.40003524830882614,
                    -0.6936576984294565,
                    -1.3985776195649668
                ],
                [
                    -0.8007426979831379,
                    0.2998778266614139,
                    -0.5185406644647189,
                    -1.0621238955960994
                ],
                [
                    0.0005780195846163108,
                    0.8660514356476311,
                    0.49995457464257387,
                    2.5007299396358027
                ],
                [
                    0.0,
                    0.0,
                    0.0,
                    1.0
                ]
            ],
            "mask_path": "masks/23.png"
        },
        {
            "file_path": "images/24.png",
            "transform_matrix": [
                [
                    0.35479680549904524,
                    0.4670934906878298,
                    -0.809903017505634,
                    -1.6373086701698467
                ],
                [
                    -0.9349432450406607,
                    0.1778071632154924,
                    -0.30702726468849423,
                    -0.635258650300542
                ],
                [
                    0.0005961212226589915,
                    0.8661456480675278,
                    0.4997913174247532,
                    2.5003991760574245
                ],
                [
                    0.0,
                    0.0,
                    0.0,
                    1.0
                ]
            ],
            "mask_path": "masks/24.png"
        },
        {
            "file_path": "images/25.png",
            "transform_matrix": [
                [
                    -0.12172017591458423,
                    0.49619809837084267,
                    -0.8596346002508753,
                    -2.2410159293704384
                ],
                [
                    -0.9925643182754444,
                    -0.06039396944739549,
                    0.10568179853120048,
                    0.348039331415684
                ],
                [
                    0.0005223616801167967,
                    0.8661062380721817,
                    0.4998596918243443,
                    2.5006478816244075
                ],
                [
                    0.0,
                    0.0,
                    0.0,
                    1.0
                ]
            ],
            "mask_path": "masks/25.png"
        },
        {
            "file_path": "images/26.png",
            "transform_matrix": [
                [
                    -0.12367373538524654,
                    0.4957356743601371,
                    -0.8596225615597584,
                    -2.2415939556867026
                ],
                [
                    -0.9923229115976613,
                    -0.06159596938359304,
                    0.1072435344160008,
                    0.35182648675604067
                ],
                [
                    0.00021516087120003276,
                    0.8662863716591621,
                    0.4995476713822254,
                    2.499853228749423
                ],
                [
                    0.0,
                    0.0,
                    0.0,
                    1.0
                ]
            ],
            "mask_path": "masks/26.png"
        },
        {
            "file_path": "images/27.png",
            "transform_matrix": [
                [
                    -0.399749165468087,
                    0.45796645001264213,
                    -0.7940197323558066,
                    -2.0508853569004803
                ],
                [
                    -0.9166245243265527,
                    -0.19944643289053168,
                    0.346439896389495,
                    0.9728713972499803
                ],
                [
                    0.00029344622918428347,
                    0.8663070189430888,
                    0.49951182450393483,
                    2.49975374275819
                ],
                [
                    0.0,
                    0.0,
                    0.0,
                    1.0
                ]
            ],
            "mask_path": "masks/27.png"
        },
        {
            "file_path": "images/28.png",
            "transform_matrix": [
                [
                    -0.5793951821814055,
                    0.40712855384440544,
                    -0.7060790065633867,
                    -1.8083725663039152
                ],
                [
                    -0.8150467393781209,
                    -0.2892166644206837,
                    0.5020483379620605,
                    1.373157640121939
                ],
                [
                    0.00018839869874828582,
                    0.866371780280231,
                    0.4993995422905328,
                    2.499467158550496
                ],
                [
                    0.0,
                    0.0,
                    0.0,
                    1.0
                ]
            ],
            "mask_path": "masks/28.png"
        },
        {
            "file_path": "images/29.png",
            "transform_matrix": [
                [
                    -0.7695277105701983,
                    0.3189601055850761,
                    -0.5532554145326966,
                    -1.3948016491843636
                ],
                [
                    -0.6386134148545047,
                    -0.3844751219149346,
                    0.6665971699582622,
                    1.7912971039112562
                ],
                [
                    -9.503923995596491e-05,
                    0.866281323632025,
                    0.4995564625684364,
                    2.4998983254374743
                ],
                [
                    0.0,
                    0.0,
                    0.0,
                    1.0
                ]
            ],
            "mask_path": "masks/29.png"
        },
        {
            "file_path": "images/30.png",
            "transform_matrix": [
                [
                    -0.9111806451254183,
                    0.20556481577493854,
                    -0.3570615331623424,
                    -0.8712480471788133
                ],
                [
                    -0.4120070031018692,
                    -0.4551409535463554,
                    0.7893648977500399,
                    2.0969480980609303
                ],
                [
                    -0.00024767689304197783,
                    0.8663658689724164,
                    0.49940977136598635,
                    2.499524840461498
                ],
                [
                    0.0,
                    0.0,
                    0.0,
                    1.0
                ]
            ],
            "mask_path": "masks/30.png"
        },
        {
            "file_path": "images/31.png",
            "transform_matrix": [
                [
                    -0.9784625711472477,
                    0.10293612374711915,
                    -0.17892778233643827,
                    -0.40027014426686497
                ],
                [
                    -0.20642423155603723,
                    -0.4886911355283204,
                    0.8476850893359756,
                    2.235321589291065
                ],
                [
                    -0.0001830038730824565,
                    0.8663631620076878,
                    0.4994144952097644,
                    2.499532694396336
                ],
                [
                    0.0,
                    0.0,
                    0.0,
                    1.0
                ]
            ],
            "mask_path": "masks/31.png"
        },
        {
            "file_path": "images/32.png",
            "transform_matrix": [
                [
                    -0.9980693562616954,
                    -0.03129560101443922,
                    0.05364834991414046,
                    0.20986814431866563
                ],
                [
                    0.06210850331444662,
                    -0.4986390588593995,
                    0.8645817617760924,
                    2.2605563939280726
                ],
                [
                    -0.0003064431503587725,
                    0.8662445811299239,
                    0.49962008742207137,
                    2.5000799806999376
                ],
                [
                    0.0,
                    0.0,
                    0.0,
                    1.0
                ]
            ],
            "mask_path": "masks/32.png"
        },
        {
            "file_path": "images/33.png",
            "transform_matrix": [
                [
                    -0.9465480560557513,
                    -0.16166351516119018,
                    0.2791266476759352,
                    0.7960774503219823
                ],
                [
                    0.32256242657900774,
                    -0.47303064009669604,
                    0.8198752920348144,
                    2.125135415351615
                ],
                [
                    -0.0005084648859628746,
                    0.8660871326809084,
                    0.4998928085780211,
                    2.5008083435925608
                ],
                [
                    0.0,
                    0.0,
                    0.0,
                    1.0
                ]
            ],
            "mask_path": "masks/33.png"
        },
        {
            "file_path": "images/34.png",
            "transform_matrix": [
                [
                    -0.8183414661670843,
                    -0.2876700188852755,
                    0.49755723789937234,
                    1.359276453937053
                ],
                [
                    0.574732094535419,
                    -0.4088288841073087,
                    0.7089019417595801,
                    1.817192512750816
                ],
                [
                    -0.0005140646238717703,
                    0.8660859678773917,
                    0.4998948209208058,
                    2.5008139986059423
                ],
                [
                    0.0,
                    0.0,
                    0.0,
                    1.0
                ]
            ],
            "mask_path": "masks/34.png"
        },
        {
            "file_path": "images/35.png",
            "transform_matrix": [
                [
                    -0.6579254846480413,
                    -0.3769188596587528,
                    0.6519710345438557,
                    1.7522541480918585
                ],
                [
                    0.7530828587366126,
                    -0.3287010684596782,
                    0.5699314129529598,
                    1.440782862619534
                ],
                [
                    -0.0005143225946041573,
                    0.8659606115909728,
                    0.5001119421142205,
                    2.5013826316996317
                ],
                [
                    0.0,
                    0.0,
                    0.0,
                    1.0
                ]
            ],
            "mask_path": "masks/35.png"
        },
        {
            "file_path": "images/36.png",
            "transform_matrix": [
                [
                    -0.49223398086035774,
                    -0.43556032065019856,
                    0.7536530469396783,
                    2.0064440315851892
                ],
                [
                    0.8704628509985802,
                    -0.24594003089094232,
                    0.42638940680648435,
                    1.056748251898381
                ],
                [
                    -0.0003648531050829704,
                    0.8659103350119216,
                    0.5001991189533956,
                    2.5016006832365196
                ],
                [
                    0.0,
                    0.0,
                    0.0,
                    1.0
                ]
            ],
            "mask_path": "masks/36.png"
        },
        {
            "file_path": "images/37.png",
            "transform_matrix": [
                [
                    -0.2479299760727009,
                    -0.48489040050526366,
                    0.8386966236145434,
                    2.211731654728952
                ],
                [
                    0.9687775677134477,
                    -0.12331870905624791,
                    0.21508723879374422,
                    0.49747540078584596
                ],
                [
                    -0.0008667524482905579,
                    0.8658370490424546,
                    0.5003253473947207,
                    2.501965142667344
                ],
                [
                    0.0,
                    0.0,
                    0.0,
                    1.0
                ]
            ],
            "mask_path": "masks/37.png"
        },
        {
            "file_path": "images/38.png",
            "transform_matrix": [
                [
                    0.061824130557943086,
                    -0.4993873586447148,
                    0.8641701469656363,
                    2.256795498481149
                ],
                [
                    0.9980869745528307,
                    0.03128903879976802,
                    -0.0533234214859089,
                    -0.2074248561375712
                ],
                [
                    -0.0004100106482621532,
                    0.865813641655548,
                    0.5003664355394222,
                    2.5020416961696483
                ],
                [
                    0.0,
                    0.0,
                    0.0,
                    1.0
                ]
            ],
            "mask_path": "masks/38.png"
        },
        {
            "file_path": "images/39.png",
            "transform_matrix": [
                [
                    0.25886201186240865,
                    -0.4831101532458591,
                    0.8364179808237678,
                    2.171004625590865
                ],
                [
                    0.9659141992509162,
                    0.12989104933487217,
                    -0.2239153299534162,
                    -0.6515475034394596
                ],
                [
                    -0.00046743984386217664,
                    0.8658711769850341,
                    0.5002668151762059,
                    2.501784933607924
                ],
                [
                    0.0,
                    0.0,
                    0.0,
                    1.0
                ]
            ],
            "mask_path": "masks/39.png"
        },
        {
            "file_path": "images/40.png",
            "transform_matrix": [
                [
                    0.5062933849393451,
                    -0.43161375953435765,
                    0.7465765673708747,
                    1.918307201307797
                ],
                [
                    0.8623612171643217,
                    0.25377590337692413,
                    -0.4380992147859845,
                    -1.2047571166967144
                ],
                [
                    -0.0003734936817579602,
                    0.8656254117375738,
                    0.5006920281536605,
                    2.502891021217816
                ],
                [
                    0.0,
                    0.0,
                    0.0,
                    1.0
                ]
            ],
            "mask_path": "masks/40.png"
        },
        {
            "file_path": "images/41.png",
            "transform_matrix": [
                [
                    0.706998931873224,
                    -0.3539090231812927,
                    0.6122915266774346,
                    1.5525161717912883
                ],
                [
                    0.7072146140427055,
                    0.3538057593513672,
                    -0.6121020946984496,
                    -1.6497577269704544
                ],
                [
                    -3.8141185662885984e-06,
                    0.8657770428699677,
                    0.5004299271874004,
                    2.5021801312337515
                ],
                [
                    0.0,
                    0.0,
                    0.0,
                    1.0
                ]
            ],
            "mask_path": "masks/41.png"
        },
        {
            "file_path": "images/42.png",
            "transform_matrix": [
                [
                    0.8590133938900636,
                    -0.25630318055117945,
                    0.4431756635430519,
                    1.0991024869778836
                ],
                [
                    0.5119530977321737,
                    0.42984874968086395,
                    -0.7437298421605992,
                    -1.9805191304594985
                ],
                [
                    0.00012181915362016533,
                    0.8657590496420745,
                    0.5004610405645442,
                    2.502252828483887
                ],
                [
                    0.0,
                    0.0,
                    0.0,
                    1.0
                ]
            ],
            "mask_path": "masks/42.png"
        },
        {
            "file_path": "images/43.png",
            "transform_matrix": [
                [
                    0.9542385952816261,
                    -0.149828352555957,
                    0.25880527051301927,
                    0.6098095661802034
                ],
                [
                    0.2990462515291982,
                    0.4774948682423965,
                    -0.8261779410323858,
                    -2.1812934953768455
                ],
                [
                    0.00020669127890304633,
                    0.8657656239263284,
                    0.5004496395304636,
                    2.5022171226408023
                ],
                [
                    0.0,
                    0.0,
                    0.0,
                    1.0
                ]
            ],
            "mask_path": "masks/43.png"
        },
        {
            "file_path": "images/44.png",
            "transform_matrix": [
                [
                    0.9992263543210033,
                    -0.01999040529256272,
                    0.03386851822261932,
                    0.018421920238628525
                ],
                [
                    0.039326342188635566,
                    0.49993963276014525,
                    -0.8651669217010747,
                    -2.265201880501112
                ],
                [
                    0.0003628228481767894,
                    0.8658295139875345,
                    0.500339006142526,
                    2.5019168581660542
                ],
                [
                    0.0,
                    0.0,
                    0.0,
                    1.0
                ]
            ],
            "mask_path": "masks/44.png"
