{
    "horizontal_fov": 1.3962634,
    "fl_x": 762.72,
    "fl_y": 762.72,
    "w": 1280,
    "h": 720,
    "cx": 640,
    "cy": 360,
    "k1": 0,
    "k2": 0,
    "k3": 0,
    "p1": 0,
    "p2": 0,
    "camera_model": "OPENCV",
    "frames": [
        {
            "file_path": "images/0.png",
            "transform_matrix": [
                [
                    -0.010381484030065434,
                    0.49444319739204556,
                    -0.8691479444502328,
                    -3.6463388836287627
                ],
                [
                    -0.865963177501985,
                    -0.43906632857969397,
                    -0.23943377856562914,
                    0.4221335822792355
                ],
                [
                    -0.49999999999999994,
                    0.7501644377470047,
                    0.43272776238614635,
                    -0.6821809668811651
                ],
                [
                    0.0,
                    0.0,
                    0.0,
                    1.0
                ]
            ],
            "mask_path": "masks/0.png"
        },
        {
            "file_path": "images/1.png",
            "transform_matrix": [
                [
                    -0.11655721073055968,
                    0.43677754035133454,
                    -0.8919864331206784,
                    -3.5662237878501855
                ],
                [
                    -0.8581459180271804,
                    -0.4964252848968419,
                    -0.13094853908454773,
                    0.8666355579099515
                ],
                [
                    -0.49999999999999983,
                    0.7501915200531981,
                    0.43268080988214913,
                    -0.6826706623221757
                ],
                [
                    0.0,
                    0.0,
                    0.0,
                    1.0
                ]
            ],
            "mask_path": "masks/1.png"
        },
        {
            "file_path": "images/2.png",
            "transform_matrix": [
                [
                    -0.3404637210571626,
                    0.28904567100157136,
                    -0.8947273633454841,
                    -3.2068982627704585
                ],
                [
                    -0.7962942010613356,
                    -0.5946565903455269,
                    0.11090123946431577,
                    1.783476410647522
                ],
                [
                    -0.49999999999999983,
                    0.75022405962078,
                    0.4326243871606367,
                    -0.6831345008389418
                ],
                [
                    0.0,
                    0.0,
                    0.0,
                    1.0
                ]
            ],
            "mask_path": "masks/2.png"
        },
        {
            "file_path": "images/3.png",
            "transform_matrix": [
                [
                    -0.5061694222608423,
                    0.15214906776070056,
                    -0.8489070485911135,
                    -2.7405362861001255
                ],
                [
                    -0.7027037184817834,
                    -0.6434200130509241,
                    0.3036744487727328,
                    2.440832240114412
                ],
                [
                    -0.4999999999999998,
                    0.7502408599810453,
                    0.43259525195603094,
                    -0.6831801284842209
                ],
                [
                    0.0,
                    0.0,
                    0.0,
                    1.0
                ]
            ],
            "mask_path": "masks/3.png"
        },
        {
            "file_path": "images/4.png",
            "transform_matrix": [
                [
                    -0.6617931298825879,
                    -0.008807371169655789,
                    -0.749634766705286,
                    -2.065074325671963
                ],
                [
                    -0.5585963240482422,
                    -0.6611063708218774,
                    0.500907689318619,
                    3.033810480734673
                ],
                [
                    -0.49999999999999983,
                    0.750240492556758,
                    0.43259588917163067,
                    -0.6831362003037624
                ],
                [
                    0.0,
                    0.0,
                    0.0,
                    1.0
                ]
            ],
            "mask_path": "masks/4.png"
        },
        {
            "file_path": "images/5.png",
            "transform_matrix": [
                [
                    -0.7911639628468616,
                    -0.19254289055929952,
                    -0.5805056581873418,
                    -1.1393829553249741
                ],
                [
                    -0.3522209305144283,
                    -0.6325140955413207,
                    0.6898306567912847,
                    3.4888824015715363
                ],
                [
                    -0.4999999999999997,
                    0.7502353992158824,
                    0.4326047223082355,
                    -0.6832692665901672
                ],
                [
                    0.0,
                    0.0,
                    0.0,
                    1.0
                ]
            ],
            "mask_path": "masks/5.png"
        },
        {
            "file_path": "images/6.png",
            "transform_matrix": [
                [
                    -0.8473127307006186,
                    -0.32057598982765106,
                    -0.4234290626996248,
                    -0.38499091621519366
                ],
                [
                    -0.17905623807245932,
                    -0.5781648070706092,
                    0.7960303508487249,
                    3.64996918581355
                ],
                [
                    -0.49999999999999983,
                    0.7503042653557468,
                    0.4324852707191001,
                    -0.683902701349411
                ],
                [
                    0.0,
                    0.0,
                    0.0,
                    1.0
                ]
            ],
            "mask_path": "masks/6.png"
        },
        {
            "file_path": "images/7.png",
            "transform_matrix": [
                [
                    -0.8646404621187921,
                    -0.46068145144447026,
                    -0.2004232310936478,
                    0.5826321042843393
                ],
                [
                    0.04895785194431752,
                    -0.47430340044020775,
                    0.878999097305483,
                    3.6237926587593488
                ],
                [
                    -0.4999999999999998,
                    0.7502058948221294,
                    0.4326558856344474,
                    -0.6835656978167446
                ],
                [
                    0.0,
                    0.0,
                    0.0,
                    1.0
                ]
            ],
            "mask_path": "masks/7.png"
        },
        {
            "file_path": "images/8.png",
            "transform_matrix": [
                [
                    -0.8267023269372529,
                    -0.5623012562308743,
                    0.019507943964254856,
                    1.4466952538474482
                ],
                [
                    0.2579985709970738,
                    -0.3480446471178692,
                    0.9012777934555285,
                    3.3732487188598026
                ],
                [
                    -0.49999999999999983,
                    0.7501214707324267,
                    0.4328022402278224,
                    -0.6831963906880074
                ],
                [
                    0.0,
                    0.0,
                    0.0,
                    1.0
                ]
            ],
            "mask_path": "masks/8.png"
        },
        {
            "file_path": "images/9.png",
            "transform_matrix": [
                [
                    -0.7288726912557404,
                    -0.6344371744082642,
                    0.25735980974206524,
                    2.2881882659753847
                ],
                [
                    0.46770140040587266,
                    -0.18687450507134692,
                    0.8639058510119751,
                    2.869892723582611
                ],
                [
                    -0.49999999999999983,
                    0.7500449260432318,
                    0.43293487837872713,
                    -0.6825971377394029
                ],
                [
                    0.0,
                    0.0,
                    0.0,
                    1.0
                ]
            ],
            "mask_path": "masks/9.png"
        },
        {
            "file_path": "images/10.png",
            "transform_matrix": [
                [
                    -0.5786084822590046,
                    -0.6612677780798987,
                    0.47742763842409147,
                    2.967309074252481
                ],
                [
                    0.6443696332524766,
                    -0.01177332804088841,
                    0.7646235442941254,
                    2.1597666774729785
                ],
                [
                    -0.4999999999999998,
                    0.7500575407394526,
                    0.4329130231119003,
                    -0.6831295629691705
                ],
                [
                    0.0,
                    0.0,
                    0.0,
                    1.0
                ]
            ],
            "mask_path": "masks/10.png"
        },
        {
            "file_path": "images/11.png",
            "transform_matrix": [
                [
                    -0.4109490295972975,
                    -0.6454888825077663,
                    0.6437895600519743,
                    3.3920387724346326
                ],
                [
                    0.7623128590500358,
                    0.14399994275866904,
                    0.630985832972865,
                    1.4016626657650129
                ],
                [
                    -0.49999999999999983,
                    0.7500720758996264,
                    0.43288783877076653,
                    -0.6830223967220943
                ],
                [
                    0.0,
                    0.0,
                    0.0,
                    1.0
                ]
            ],
            "mask_path": "masks/11.png"
        },
        {
            "file_path": "images/12.png",
            "transform_matrix": [
                [
                    -0.22276786027639872,
                    -0.5949181412585917,
                    0.7722997382035668,
                    3.6246970463830377
                ],
                [
                    0.836883791471597,
                    0.28961088802743457,
                    0.46449010011849085,
                    0.5772474274330379
                ],
                [
                    -0.49999999999999983,
                    0.749798598783289,
                    0.43336135183310587,
                    -0.6812217459989682
                ],
                [
                    0.0,
                    0.0,
                    0.0,
                    1.0
                ]
            ],
            "mask_path": "masks/12.png"
        },
        {
            "file_path": "images/13.png",
            "transform_matrix": [
                [
                    0.026749280937168902,
                    -0.48668340985941555,
                    0.8731687892595317,
                    3.6380728899386092
                ],
                [
                    0.8656121972161348,
                    0.44817398677257797,
                    0.22328367967907664,
                    -0.4874669599706589
                ],
                [
                    -0.4999999999999998,
                    0.7498528763350748,
                    0.43326742763796,
                    -0.681387357257139
                ],
                [
                    0.0,
                    0.0,
                    0.0,
                    1.0
                ]
            ],
            "mask_path": "masks/13.png"
        },
        {
            "file_path": "images/14.png",
            "transform_matrix": [
                [
                    0.2152050772393155,
                    -0.3771022466371253,
                    0.9008222190375043,
                    3.4433047237531826
                ],
                [
                    0.8388604024093763,
                    0.5436672366734219,
                    0.02718751620624976,
                    -1.270386514643626
                ],
                [
                    -0.49999999999999983,
                    0.749813197635997,
                    0.43333609202428774,
                    -0.6813090627153369
                ],
                [
                    0.0,
                    0.0,
                    0.0,
                    1.0
                ]
            ],
            "mask_path": "masks/14.png"
        },
        {
            "file_path": "images/15.png",
            "transform_matrix": [
                [
                    0.44184792710263593,
                    -0.20940807473164796,
                    0.8723065215578111,
                    2.9484573073670153
                ],
                [
                    0.7448291141698904,
                    0.6275947818736057,
                    -0.2266150490367249,
                    -2.1852648946764894
                ],
                [
                    -0.4999999999999998,
                    0.749848683403662,
                    0.43327468423367926,
                    -0.6816153688572026
                ],
                [
                    0.0,
                    0.0,
                    0.0,
                    1.0
                ]
            ],
            "mask_path": "masks/15.png"
        },
        {
            "file_path": "images/16.png",
            "transform_matrix": [
                [
                    0.5915859605941723,
                    -0.06986738815890195,
                    0.8032089387573593,
                    2.409460195445364
                ],
                [
                    0.6324761270023324,
                    0.6580449041916715,
                    -0.40859619777905837,
                    -2.7677066510971295
                ],
                [
                    -0.4999999999999997,
                    0.749730252917159,
                    0.433479581826841,
                    -0.6807542435878302
                ],
                [
                    0.0,
                    0.0,
                    0.0,
                    1.0
                ]
            ],
            "mask_path": "masks/16.png"
        },
        {
            "file_path": "images/17.png",
            "transform_matrix": [
                [
                    0.7203205963683419,
                    0.08231406153229885,
                    0.6887398882899212,
                    1.7133361352980216
                ],
                [
                    0.48076838336932726,
                    0.6564931922978198,
                    -0.5812731285884988,
                    -3.244622948424385
                ],
                [
                    -0.4999999999999997,
                    0.7498273692928759,
                    0.43331156949627553,
                    -0.6814352206620624
                ],
                [
                    0.0,
                    0.0,
                    0.0,
                    1.0
                ]
            ],
            "mask_path": "masks/17.png"
        },
        {
            "file_path": "images/18.png",
            "transform_matrix": [
                [
                    0.8274630589908508,
                    0.2659754375992784,
                    0.49453205416775275,
                    0.7178379442600735
                ],
                [
                    0.2555482068133227,
                    0.6058381807554681,
                    -0.7534289699324023,
                    -3.5984444690219677
                ],
                [
                    -0.5000000000000001,
                    0.7498114198468692,
                    0.43333916816648704,
                    -0.681307589036755
                ],
                [
                    0.0,
                    0.0,
                    0.0,
                    1.0
                ]
            ],
            "mask_path": "masks/18.png"
        },
        {
            "file_path": "images/19.png",
            "transform_matrix": [
                [
                    0.8640485016565925,
                    0.3981751553375769,
                    0.3080206688793689,
                    -0.12951094625934112
                ],
                [
                    0.05848236302508276,
                    0.5283316581735934,
                    -0.847021529942742,
                    -3.666883057980179
                ],
                [
                    -0.49999999999999967,
                    0.749881460394533,
                    0.4332179536406156,
                    -0.6815764617450881
                ],
                [
                    0.0,
                    0.0,
                    0.0,
                    1.0
                ]
            ],
            "mask_path": "masks/19.png"
        },
        {
            "file_path": "images/20.png",
            "transform_matrix": [
                [
                    0.8478148374734187,
                    0.5258814351678064,
                    0.06825479840838156,
                    -1.1131209348362332
                ],
                [
                    -0.1766635258334919,
                    0.40145388286415845,
                    -0.8986794637541071,
                    -3.4963368916291904
                ],
                [
                    -0.4999999999999998,
                    0.7498556501615086,
                    0.4332626269606709,
                    -0.6814809546573215
                ],
                [
                    0.0,
                    0.0,
                    0.0,
                    1.0
                ]
            ],
            "mask_path": "masks/20.png"
        },
        {
            "file_path": "images/21.png",
            "transform_matrix": [
                [
                    0.7857013095227725,
                    0.6031770498109904,
                    -0.13729857535863352,
                    -1.8771833424607924
                ],
                [
                    -0.36424367148133224,
                    0.27169896164849433,
                    -0.8907896620554874,
                    -3.152728630001013
                ],
                [
                    -0.4999999999999997,
                    0.7499047411641295,
                    0.4331776531396331,
                    -0.6815972300907753
                ],
                [
                    0.0,
                    0.0,
                    0.0,
                    1.0
                ]
            ],
            "mask_path": "masks/21.png"
        },
        {
            "file_path": "images/22.png",
            "transform_matrix": [
                [
                    0.672249792957328,
                    0.651316850770128,
                    -0.35194683657011727,
                    -2.5936679312222903
                ],
                [
                    -0.5459672296656918,
                    0.11508722801409799,
                    -0.8298642744926434,
                    -2.5951060635502805
                ],
                [
                    -0.49999999999999994,
                    0.7500275260621535,
                    0.43296502185405966,
                    -0.6826906880665817
                ],
                [
                    0.0,
                    0.0,
                    0.0,
                    1.0
                ]
            ],
            "mask_path": "masks/22.png"
        },
        {
            "file_path": "images/23.png",
            "transform_matrix": [
                [
                    0.5187563860338169,
                    0.6597211417219098,
                    -0.5437461053784874,
                    -3.1487465530033036
                ],
                [
                    -0.6934636341936999,
                    -0.047265318451281756,
                    -0.7189396203594326,
                    -1.8839481462683776
                ],
                [
                    -0.4999999999999998,
                    0.7500226695486201,
                    0.43297343470836813,
                    -0.6823136938604699
                ],
                [
                    0.0,
                    0.0,
                    0.0,
                    1.0
                ]
            ],
            "mask_path": "masks/23.png"
        },
        {
            "file_path": "images/24.png",
            "transform_matrix": [
                [
                    0.307263101338331,
                    0.6209295913257326,
                    -0.7211350977258071,
                    -3.5459730147367825
                ],
                [
                    -0.809684745166877,
                    -0.22757422947348305,
                    -0.5409441593395753,
                    -0.941650164980275
                ],
                [
                    -0.49999999999999983,
                    0.7501042678825454,
                    0.4328320543864454,
                    -0.6832326621512144
                ],
                [
                    0.0,
                    0.0,
                    0.0,
                    1.0
                ]
            ],
            "mask_path": "masks/24.png"
        },
        {
            "file_path": "images/25.png",
            "transform_matrix": [
                [
                    -0.10541277887669803,
                    0.443431713415114,
                    -0.8900878954278779,
                    -3.9610948841566116
                ],
                [
                    -0.8595860317905899,
                    -0.4906762173813404,
                    -0.14264888238905732,
                    0.8296770390850206
                ],
                [
                    -0.49999999999999983,
                    0.7500701068794011,
                    0.4328912505074736,
                    -0.44852089724233735
                ],
                [
                    0.0,
                    0.0,
                    0.0,
                    1.0
                ]
            ],
            "mask_path": "masks/25.png"
        },
        {
            "file_path": "images/26.png",
            "transform_matrix": [
                [
                    -0.10710459910369886,
                    0.4421441844683427,
                    -0.8905263190898177,
                    -3.9593806619329985
                ],
                [
                    -0.8593768700929971,
                    -0.49159885658211383,
                    -0.14071943489199382,
                    0.8381282961774087
                ],
                [
                    -0.4999999999999998,
                    0.7502260221746392,
                    0.43262098383228914,
                    -0.4496777560209011
                ],
                [
                    0.0,
                    0.0,
                    0.0,
                    1.0
                ]
            ],
            "mask_path": "masks/26.png"
        },
        {
            "file_path": "images/27.png",
            "transform_matrix": [
                [
                    -0.3461929473424494,
                    0.28471205911733655,
                    -0.8939180536288067,
                    -3.560315645047269
                ],
                [
                    -0.793820157976823,
                    -0.5967186159504717,
                    0.11737312370302269,
                    1.9255580768748235
                ],
                [
                    -0.4999999999999996,
                    0.7502439181834929,
                    0.4325899481364316,
                    -0.44961224323237636
                ],
                [
                    0.0,
                    0.0,
                    0.0,
                    1.0
                ]
            ],
            "mask_path": "masks/27.png"
        },
        {
            "file_path": "images/28.png",
            "transform_matrix": [
                [
                    -0.5017709555043568,
                    0.1560481563934624,
                    -0.8508083691986384,
                    -3.0894224602318094
                ],
                [
                    -0.7058511940998932,
                    -0.6424164588920181,
                    0.2984546617702512,
                    2.615500396410438
                ],
                [
                    -0.49999999999999983,
                    0.7502999841602302,
                    0.43249269793738554,
                    -0.4500344195602437
                ],
                [
                    0.0,
                    0.0,
                    0.0,
                    1.0
                ]
            ],
            "mask_path": "masks/28.png"
        },
        {
            "file_path": "images/29.png",
            "transform_matrix": [
                [
                    -0.6664305492796235,
                    -0.014290283497747016,
                    -0.7454301515128121,
                    -2.313317150195944
                ],
                [
                    -0.553055442959257,
                    -0.661031984066243,
                    0.507115759028042,
                    3.321933451834834
                ],
                [
                    -0.49999999999999994,
                    0.7502216364775153,
                    0.4326285891628056,
                    -0.44940545686888456
                ],
                [
                    0.0,
                    0.0,
                    0.0,
                    1.0
                ]
            ],
            "mask_path": "masks/29.png"
        },
        {
            "file_path": "images/30.png",
            "transform_matrix": [
                [
                    -0.7891056103186913,
                    -0.18894759407294678,
                    -0.5844750999466193,
                    -1.3507050085384544
                ],
                [
                    -0.35680854216731667,
                    -0.6335269591507113,
                    0.686535691909523,
                    3.816008693570609
                ],
                [
                    -0.49999999999999994,
                    0.7502948745148791,
                    0.4325015621667766,
                    -0.4500471606626424
                ],
                [
                    0.0,
                    0.0,
                    0.0,
                    1.0
                ]
            ],
            "mask_path": "masks/30.png"
        },
        {
            "file_path": "images/31.png",
            "transform_matrix": [
                [
                    -0.8473734574552008,
                    -0.3207607208634392,
                    -0.42316755966352887,
                    -0.4989717841224287
                ],
                [
                    -0.17876863147772762,
                    -0.578077585394158,
                    0.7961583270081654,
                    4.017216123326279
                ],
                [
                    -0.49999999999999994,
                    0.750292519765476,
                    0.43250564711223527,
                    -0.45020834366345164
                ],
                [
                    0.0,
                    0.0,
                    0.0,
                    1.0
                ]
            ],
            "mask_path": "masks/31.png"
        },
        {
            "file_path": "images/32.png",
            "transform_matrix": [
                [
                    -0.8643534578460056,
                    -0.4633167850912569,
                    -0.1955266134375469,
                    0.590073137334926
                ],
                [
                    0.053787544186864995,
                    -0.4717549661109286,
                    0.8800875820280746,
                    4.004923902223311
                ],
                [
                    -0.49999999999999983,
                    0.750189848373316,
                    0.43268370826461844,
                    -0.44957482696197726
                ],
                [
                    0.0,
                    0.0,
                    0.0,
                    1.0
                ]
            ],
            "mask_path": "masks/32.png"
        },
        {
            "file_path": "images/33.png",
            "transform_matrix": [
                [
                    -0.8197347684127602,
                    -0.5711433309327494,
                    0.04278089510894599,
                    1.622200004429529
                ],
                [
                    0.27934729183451734,
                    -0.33348906884168134,
                    0.9004166432867785,
                    3.708920664907545
                ],
                [
                    -0.49999999999999983,
                    0.7500535557506227,
                    0.43291992736053164,
                    -0.44877700332538306
                ],
                [
                    0.0,
                    0.0,
                    0.0,
                    1.0
                ]
            ],
            "mask_path": "masks/33.png"
        },
        {
            "file_path": "images/34.png",
            "transform_matrix": [
                [
                    -0.7087045923129062,
                    -0.6416827974376441,
                    0.2932251495134696,
                    2.5958999977686923
                ],
                [
                    0.4977326600039396,
                    -0.16020100183381694,
                    0.8524070847763079,
                    3.1062501191086915
                ],
                [
                    -0.4999999999999998,
                    0.7500525491484183,
                    0.4329216713401622,
                    -0.4488102159215175
                ],
                [
                    0.0,
                    0.0,
                    0.0,
                    1.0
                ]
            ],
            "mask_path": "masks/34.png"
        },
        {
            "file_path": "images/35.png",
            "transform_matrix": [
                [
                    -0.5697802588637371,
                    -0.6614946835729366,
                    0.48762202597289744,
                    3.2605937738025212
                ],
                [
                    0.6521889730815547,
                    -0.0029663462133350882,
                    0.758050621120364,
                    2.3991251810196275
                ],
                [
                    -0.49999999999999983,
                    0.7499439875049889,
                    0.433109703891655,
                    -0.44805735233705657
                ],
                [
                    0.0,
                    0.0,
                    0.0,
                    1.0
                ]
            ],
            "mask_path": "masks/35.png"
        },
        {
            "file_path": "images/36.png",
            "transform_matrix": [
                [
                    -0.42628716040421605,
                    -0.6485200831162318,
                    0.6306353610997611,
                    3.677474888943906
                ],
                [
                    0.7538429921903569,
                    0.1306564033092244,
                    0.64393295256555,
                    1.6912066079775672
                ],
                [
                    -0.49999999999999983,
                    0.749900397432361,
                    0.4331851727965619,
                    -0.44812704882676946
                ],
                [
                    0.0,
                    0.0,
                    0.0,
                    1.0
                ]
            ],
            "mask_path": "masks/36.png"
        },
        {
            "file_path": "images/37.png",
            "transform_matrix": [
                [
                    -0.21471373829154286,
                    -0.5920378973146962,
                    0.7767812682680142,
                    3.991215450929116
                ],
                [
                    0.8389862994047468,
                    0.2953563256849662,
                    0.4570192887493975,
                    0.6728258282580117
                ],
                [
                    -0.49999999999999983,
                    0.749837161669832,
                    0.43329462375955086,
                    -0.4477939722465756
                ],
                [
                    0.0,
                    0.0,
                    0.0,
                    1.0
                ]
            ],
            "mask_path": "masks/37.png"
        },
        {
            "file_path": "images/38.png",
            "transform_matrix": [
                [
                    0.05354127213044183,
                    -0.47264521346083305,
                    0.8796248259179691,
                    4.004401503467534
                ],
                [
                    0.8643687478030739,
                    0.46301345673748356,
                    0.19617646826607985,
                    -0.5864036523444762
                ],
                [
                    -0.4999999999999998,
                    0.7498166716421888,
                    0.43333008080149504,
                    -0.4478774975217692
                ],
                [
                    0.0,
                    0.0,
                    0.0,
                    1.0
                ]
            ],
            "mask_path": "masks/38.png"
        },
        {
            "file_path": "images/39.png",
            "transform_matrix": [
                [
                    0.2241811028393821,
                    -0.37114432384375995,
                    0.9011074985861991,
                    3.808046045449321
                ],
                [
                    0.8365063258157219,
                    0.5476788261983137,
                    0.017466259024725646,
                    -1.370387975702707
                ],
                [
                    -0.49999999999999983,
                    0.749866517596696,
                    0.43324381794482025,
                    -0.4482569089815682
                ],
                [
                    0.0,
                    0.0,
                    0.0,
                    1.0
                ]
            ],
            "mask_path": "masks/39.png"
        },
        {
            "file_path": "images/40.png",
            "transform_matrix": [
                [
                    0.43846296370773774,
                    -0.2126472065877584,
                    0.8732304363609014,
                    3.3073350772224694
                ],
                [
                    0.7468267733930186,
                    0.6267380410116616,
                    -0.22237175740690965,
                    -2.332623027674825
                ],
                [
                    -0.4999999999999997,
                    0.7496536490135213,
                    0.4336120460973291,
                    -0.4465540162925097
                ],
                [
                    0.0,
                    0.0,
                    0.0,
                    1.0
                ]
            ],
            "mask_path": "masks/40.png"
        },
        {
            "file_path": "images/41.png",
            "transform_matrix": [
                [
                    0.6122790354551292,
                    -0.047859635537239965,
                    0.7891918892312431,
                    2.6126722758473564
                ],
                [
                    0.6124658216930446,
                    0.6599485126186472,
                    -0.43514776565012764,
                    -3.0901482297118297
                ],
                [
                    -0.4999999999999997,
                    0.7497849131442145,
                    0.4333850297614379,
                    -0.4476213421297157
                ],
                [
                    0.0,
                    0.0,
                    0.0,
                    1.0
                ]
            ],
            "mask_path": "masks/41.png"
        },
        {
            "file_path": "images/42.png",
            "transform_matrix": [
                [
                    0.7439274268197897,
                    0.11563673146678974,
                    0.6581794056037938,
                    1.7735173241615683
                ],
                [
                    0.4433643914719428,
                    0.6515167603105103,
                    -0.615592338653764,
                    -3.6370947987201934
                ],
                [
                    -0.4999999999999996,
                    0.7497693361095624,
                    0.43341197794918607,
                    -0.44741163742706425
                ],
                [
                    0.0,
                    0.0,
                    0.0,
                    1.0
                ]
            ],
            "mask_path": "masks/42.png"
        },
        {
            "file_path": "images/43.png",
            "transform_matrix": [
                [
                    0.8263948824377915,
                    0.2634159088820324,
                    0.49767816631682915,
                    0.882344173783418
                ],
                [
                    0.25898165626281106,
                    0.6070003692355841,
                    -0.7513182105254973,
                    -3.9489787412534
                ],
                [
                    -0.4999999999999998,
                    0.7497750400591614,
                    0.4334021104058941,
                    -0.4473234243876332
                ],
                [
                    0.0,
                    0.0,
                    0.0,
                    1.0
                ]
            ],
            "mask_path": "masks/43.png"
        },
        {
            "file_path": "images/44.png",
            "transform_matrix": [
                [
                    0.8653554639307792,
                    0.41290338575153684,
                    0.28402590564957814,
                    -0.18028108625489248
                ],
                [
                    0.03405761361495747,
                    0.5169769429594986,
                    -0.8553215298372334,
                    -4.042289323305514
                ],
                [
                    -0.4999999999999998,
                    0.7498304038135346,
                    0.43330631834399935,
                    -0.447822534896289
                ],
                [
                    0.0,
                    0.0,
                    0.0,
                    1.0
                ]
            ],
            "mask_path": "masks/44.png"
        },
        {
            "file_path": "images/45.png",
