{
    "horizontal_fov": 1.3962634,
    "fl_x": 762.72,
    "fl_y": 762.72,
    "w": 1280,
    "h": 720,
    "cx": 640,
    "cy": 360,
    "k1": 0,
    "k2": 0,
    "k3": 0,
    "p1": 0,
    "p2": 0,
    "camera_model": "OPENCV",
    "frames": [
        {
            "file_path": "images/0.png",
            "transform_matrix": [
                [
                    -0.027328518532229173,
                    0.4998132531443205,
                    -0.8657019487422476,
                    -1.7563134030848486
                ],
                [
                    -0.9996265062886407,
                    -0.013664259266114587,
                    0.023667191296704304,
                    0.006791556883238591
                ],
                [
                    0.0,
                    0.8660254037844386,
                    0.5000000000000002,
                    2.5
                ],
                [
                    0.0,
                    0.0,
                    0.0,
                    1.0
                ]
            ],
            "mask_path": "masks/0.png"
        },
        {
            "file_path": "images/1.png",
            "transform_matrix": [
                [
                    -0.11410715522646764,
                    0.49673422398857425,
                    -0.860368913806509,
                    -1.7484572565289846
                ],
                [
                    -0.993468447977148,
                    -0.05705357761323382,
                    0.09881969517969524,
                    0.15919153201965353
                ],
                [
                    0.0,
                    0.8660254037844387,
                    0.5000000000000003,
                    2.5
                ],
                [
                    0.0,
                    0.0,
                    0.0,
                    1.0
                ]
            ],
            "mask_path": "masks/1.png"
        },
        {
            "file_path": "images/2.png",
            "transform_matrix": [
                [
                    -0.36857898788084065,
                    0.4647982168889893,
                    -0.8050541269191477,
                    -1.6460636936156128
                ],
                [
                    -0.9295964337779783,
                    -0.1842894939404204,
                    0.3191987668059647,
                    0.609510578414944
                ],
                [
                    0.0,
                    0.8660254037844385,
                    0.5000000000000002,
                    2.5
                ],
                [
                    0.0,
                    0.0,
                    0.0,
                    1.0
                ]
            ],
            "mask_path": "masks/2.png"
        },
        {
            "file_path": "images/3.png",
            "transform_matrix": [
                [
                    -0.5858017967571529,
                    0.4052271754572031,
                    -0.7018740564995036,
                    -1.4463558917253745
                ],
                [
                    -0.8104543509144061,
                    -0.2929008983785765,
                    0.507319237574263,
                    0.9960447359673621
                ],
                [
                    0.0,
                    0.8660254037844386,
                    0.5000000000000001,
                    2.5
                ],
                [
                    0.0,
                    0.0,
                    0.0,
                    1.0
                ]
            ],
            "mask_path": "masks/3.png"
        },
        {
            "file_path": "images/4.png",
            "transform_matrix": [
                [
                    -0.7674863311631726,
                    0.32053265491900085,
                    -0.5551788438046515,
                    -1.1557999068865543
                ],
                [
                    -0.6410653098380016,
                    -0.3837431655815864,
                    0.6646626598446239,
                    1.3224350257726276
                ],
                [
                    0.0,
                    0.8660254037844386,
                    0.5000000000000001,
                    2.5
                ],
                [
                    0.0,
                    0.0,
                    0.0,
                    1.0
                ]
            ],
            "mask_path": "masks/4.png"
        },
        {
            "file_path": "images/5.png",
            "transform_matrix": [
                [
                    -0.9047923765466189,
                    0.2129264869286588,
                    -0.3687994936375873,
                    -0.783829738595702
                ],
                [
                    -0.42585297385731746,
                    -0.4523961882733096,
                    0.7835731832398675,
                    1.5728778405472372
                ],
                [
                    0.0,
                    0.8660254037844385,
                    0.5000000000000001,
                    2.5
                ],
                [
                    0.0,
                    0.0,
                    0.0,
                    1.0
                ]
            ],
            "mask_path": "masks/5.png"
        },
        {
            "file_path": "images/6.png",
            "transform_matrix": [
                [
                    -0.9788279725628837,
                    0.10234231789493878,
                    -0.17726209435839943,
                    -0.39813579974859203
                ],
                [
                    -0.20468463578987753,
                    -0.489413986281442,
                    0.8476898901742748,
                    1.7124308479137649
                ],
                [
                    0.0,
                    0.8660254037844387,
                    0.5000000000000002,
                    2.5
                ],
                [
                    0.0,
                    0.0,
                    0.0,
                    1.0
                ]
            ],
            "mask_path": "masks/6.png"
        },
        {
            "file_path": "images/7.png",
            "transform_matrix": [
                [
                    -0.9978176180566827,
                    -0.03301515218686852,
                    0.057183921007274964,
                    0.07619132881749922
                ],
                [
                    0.066030304373737,
                    -0.49890880902834145,
                    0.8641354055807654,
                    1.7573203990569222
                ],
                [
                    0.0,
                    0.8660254037844387,
                    0.5000000000000002,
                    2.5
                ],
                [
                    0.0,
                    0.0,
                    0.0,
                    1.0
                ]
            ],
            "mask_path": "masks/7.png"
        },
        {
            "file_path": "images/8.png",
            "transform_matrix": [
                [
                    -0.9554406291881772,
                    -0.14759166990086237,
                    0.25563627104222775,
                    0.4812352848083136
                ],
                [
                    0.2951833398017247,
                    -0.47772031459408865,
                    0.8274358566847492,
                    1.692343169204653
                ],
                [
                    0.0,
                    0.8660254037844387,
                    0.5000000000000001,
                    2.5
                ],
                [
                    0.0,
                    0.0,
                    0.0,
                    1.0
                ]
            ],
            "mask_path": "masks/8.png"
        },
        {
            "file_path": "images/9.png",
            "transform_matrix": [
                [
                    -0.8428160281761936,
                    -0.26910088380071606,
                    0.46609640310452866,
                    0.9136257909446042
                ],
                [
                    0.538201767601432,
                    -0.4214080140880969,
                    0.7299000911172847,
                    1.5046778570637378
                ],
                [
                    0.0,
                    0.8660254037844385,
                    0.5000000000000002,
                    2.5
                ],
                [
                    0.0,
                    0.0,
                    0.0,
                    1.0
                ]
            ],
            "mask_path": "masks/9.png"
        },
        {
            "file_path": "images/10.png",
            "transform_matrix": [
                [
                    -0.6867980461521842,
                    -0.3634241474508617,
                    0.6294690880822955,
                    1.251427762910942
                ],
                [
                    0.7268482949017232,
                    -0.34339902307609227,
                    0.5947845552373088,
                    1.2388737059440107
                ],
                [
                    -5.551115123125783e-17,
                    0.8660254037844386,
                    0.5000000000000002,
                    2.5
                ],
                [
                    0.0,
                    0.0,
                    0.0,
                    1.0
                ]
            ],
            "mask_path": "masks/10.png"
        },
        {
            "file_path": "images/11.png",
            "transform_matrix": [
                [
                    -0.4820959240036615,
                    -0.43805921975774464,
                    0.7587408253443937,
                    1.5231371288184934
                ],
                [
                    0.8761184395154891,
                    -0.24104796200183085,
                    0.417507317248103,
                    0.8850936949819894
                ],
                [
                    -5.551115123125783e-17,
                    0.8660254037844386,
                    0.5000000000000001,
                    2.5
                ],
                [
                    0.0,
                    0.0,
                    0.0,
                    1.0
                ]
            ],
            "mask_path": "masks/11.png"
        },
        {
            "file_path": "images/12.png",
            "transform_matrix": [
                [
                    -0.2527858011962573,
                    -0.4837611339063853,
                    0.8378988626529902,
                    1.693074233027248
                ],
                [
                    0.9675222678127703,
                    -0.12639290059812863,
                    0.21891892555196152,
                    0.4856389225709265
                ],
                [
                    -5.551115123125783e-17,
                    0.8660254037844386,
                    0.5000000000000001,
                    2.5
                ],
                [
                    0.0,
                    0.0,
                    0.0,
                    1.0
                ]
            ],
            "mask_path": "masks/12.png"
        },
        {
            "file_path": "images/13.png",
            "transform_matrix": [
                [
                    -0.0168571125668614,
                    -0.49992895439149876,
                    0.8659023491808595,
                    1.7605671625626935
                ],
                [
                    0.9998579087829972,
                    -0.008428556283430644,
                    0.01459868771735584,
                    0.07211739329348754
                ],
                [
                    -5.551115123125783e-17,
                    0.8660254037844386,
                    0.5000000000000002,
                    2.5
                ],
                [
                    0.0,
                    0.0,
                    0.0,
                    1.0
                ]
            ],
            "mask_path": "masks/13.png"
        },
        {
            "file_path": "images/14.png",
            "transform_matrix": [
                [
                    0.22655343713053552,
                    -0.4869993686146681,
                    0.8435076496945687,
                    1.725028436165974
                ],
                [
                    0.9739987372293357,
                    0.11327671856526783,
                    -0.19620103186972448,
                    -0.3568140721152169
                ],
                [
                    0.0,
                    0.8660254037844386,
                    0.5000000000000002,
                    2.5
                ],
                [
                    0.0,
                    0.0,
                    0.0,
                    1.0
                ]
            ],
            "mask_path": "masks/14.png"
        },
        {
            "file_path": "images/15.png",
            "transform_matrix": [
                [
                    0.4867157811519676,
                    -0.4367801931113722,
                    0.756525486208642,
                    1.5603837440031272
                ],
                [
                    0.8735603862227441,
                    0.24335789057598384,
                    -0.42150823090039113,
                    -0.8189818127003481
                ],
                [
                    0.0,
                    0.8660254037844385,
                    0.5000000000000001,
                    2.5
                ],
                [
                    0.0,
                    0.0,
                    0.0,
                    1.0
                ]
            ],
            "mask_path": "masks/15.png"
        },
        {
            "file_path": "images/16.png",
            "transform_matrix": [
                [
                    0.6789182312490656,
                    -0.3671069446624651,
                    0.6358478799667655,
                    1.3231239535034542
                ],
                [
                    0.7342138893249299,
                    0.33945911562453296,
                    -0.5879604353540888,
                    -1.1627766832632351
                ],
                [
                    0.0,
                    0.8660254037844386,
                    0.5000000000000002,
                    2.5
                ],
                [
                    0.0,
                    0.0,
                    0.0,
                    1.0
                ]
            ],
            "mask_path": "masks/16.png"
        },
        {
            "file_path": "images/17.png",
            "transform_matrix": [
                [
                    0.8452316997631892,
                    -0.2672000064162752,
                    0.4628039868957185,
                    0.9784041354483572
                ],
                [
                    0.5344000128325503,
                    0.42261584988159473,
                    -0.7319921240788234,
                    -1.4635657650672869
                ],
                [
                    5.551115123125783e-17,
                    0.8660254037844386,
                    0.5000000000000001,
                    2.5
                ],
                [
                    0.0,
                    0.0,
                    0.0,
                    1.0
                ]
            ],
            "mask_path": "masks/17.png"
        },
        {
            "file_path": "images/18.png",
            "transform_matrix": [
                [
                    0.9509001436427643,
                    -0.1547489231143227,
                    0.2680329972505766,
                    0.5871261805898682
                ],
                [
                    0.3094978462286453,
                    0.47545007182138227,
                    -0.8235036808569056,
                    -1.6592266091985164
                ],
                [
                    0.0,
                    0.8660254037844386,
                    0.5000000000000001,
                    2.5
                ],
                [
                    0.0,
                    0.0,
                    0.0,
                    1.0
                ]
            ],
            "mask_path": "masks/18.png"
        },
        {
            "file_path": "images/19.png",
            "transform_matrix": [
                [
                    0.996256867292078,
                    -0.043221101250937144,
                    0.07486114332570186,
                    0.19682235521411692
                ],
                [
                    0.08644220250187426,
                    0.49812843364603915,
                    -0.8627837557696416,
                    -1.7483726632614895
                ],
                [
                    0.0,
                    0.8660254037844386,
                    0.5000000000000002,
                    2.5
                ],
                [
                    0.0,
                    0.0,
                    0.0,
                    1.0
                ]
            ],
            "mask_path": "masks/19.png"
        },
        {
            "file_path": "images/20.png",
            "transform_matrix": [
                [
                    0.9807274217478427,
                    0.09769048601556486,
                    -0.1692048851950552,
                    -0.299839584138173
                ],
                [
                    -0.1953809720311297,
                    0.4903637108739214,
                    -0.8493348614216469,
                    -1.7326261670331327
                ],
                [
                    0.0,
                    0.8660254037844386,
                    0.5000000000000001,
                    2.5
                ],
                [
                    0.0,
                    0.0,
                    0.0,
                    1.0
                ]
            ],
            "mask_path": "masks/20.png"
        },
        {
            "file_path": "images/21.png",
            "transform_matrix": [
                [
                    0.9093555914015804,
                    0.20800986057557597,
                    -0.36028364699221577,
                    -0.691008547013154
                ],
                [
                    -0.41601972115115177,
                    0.45467779570079037,
                    -0.7875250432271905,
                    -1.6164676443910952
                ],
                [
                    0.0,
                    0.8660254037844386,
                    0.5000000000000002,
                    2.5
                ],
                [
                    0.0,
                    0.0,
                    0.0,
                    1.0
                ]
            ],
            "mask_path": "masks/21.png"
        },
        {
            "file_path": "images/22.png",
            "transform_matrix": [
                [
                    0.7528537988530221,
                    0.32909389144762846,
                    -0.570007340447849,
                    -1.122621973983824
                ],
                [
                    -0.6581877828952566,
                    0.37642689942651114,
                    -0.6519905151423369,
                    -1.3515061999395053
                ],
                [
                    -5.551115123125783e-17,
                    0.8660254037844386,
                    0.5000000000000002,
                    2.5
                ],
                [
                    0.0,
                    0.0,
                    0.0,
                    1.0
                ]
            ],
            "mask_path": "masks/22.png"
        },
        {
            "file_path": "images/23.png",
            "transform_matrix": [
                [
                    0.5816937191933585,
                    0.4067039516192946,
                    -0.7044319078436527,
                    -1.4034492214938088
                ],
                [
                    -0.8134079032385891,
                    0.29084685959667933,
                    -0.5037615380433001,
                    -1.0571361800049723
                ],
                [
                    -5.551115123125783e-17,
                    0.8660254037844385,
                    0.5000000000000001,
                    2.5
                ],
                [
                    0.0,
                    0.0,
                    0.0,
                    1.0
                ]
            ],
            "mask_path": "masks/23.png"
        },
        {
            "file_path": "images/24.png",
            "transform_matrix": [
                [
                    0.3653517347560917,
                    0.4654347725274497,
                    -0.8061566736268055,
                    -1.6185511548449738
                ],
                [
                    -0.9308695450548989,
                    0.18267586737804592,
                    -0.3164038836154894,
                    -0.6815642906895756
                ],
                [
                    -5.551115123125783e-17,
                    0.8660254037844386,
                    0.5000000000000002,
                    2.5
                ],
                [
                    0.0,
                    0.0,
                    0.0,
                    1.0
                ]
            ],
            "mask_path": "masks/24.png"
        },
        {
            "file_path": "images/25.png",
            "transform_matrix": [
                [
                    -0.12214399659847425,
                    0.4962561949474668,
                    -0.8595409432198178,
                    -2.239548218719678
                ],
                [
                    -0.9925123898949333,
                    -0.061071998299237096,
                    0.10577980397403869,
                    0.31881506579894214
                ],
                [
                    0.0,
                    0.8660254037844386,
                    0.5000000000000002,
                    2.5
                ],
                [
                    0.0,
                    0.0,
                    0.0,
                    1.0
                ]
            ],
            "mask_path": "masks/25.png"
        },
        {
            "file_path": "images/26.png",
            "transform_matrix": [
                [
                    -0.12280140436116743,
                    0.496215632333093,
                    -0.8594706867108346,
                    -2.2392130034191378
                ],
                [
                    -0.9924312646661857,
                    -0.061400702180583744,
                    0.1063491357971762,
                    0.32009556054241894
                ],
                [
                    0.0,
                    0.8660254037844385,
                    0.5000000000000001,
                    2.5
                ],
                [
                    0.0,
                    0.0,
                    0.0,
                    1.0
                ]
            ],
            "mask_path": "masks/26.png"
        },
        {
            "file_path": "images/27.png",
            "transform_matrix": [
                [
                    -0.37342411506007556,
                    0.4638303650828608,
                    -0.8033777584167359,
                    -2.0821637289045207
                ],
                [
                    -0.9276607301657214,
                    -0.18671205753003772,
                    0.3233947700277486,
                    0.8850084301258719
                ],
                [
                    5.551115123125783e-17,
                    0.8660254037844384,
                    0.5000000000000001,
                    2.5
                ],
                [
                    0.0,
                    0.0,
                    0.0,
                    1.0
                ]
            ],
            "mask_path": "masks/27.png"
        },
        {
            "file_path": "images/28.png",
            "transform_matrix": [
                [
                    -0.5974447689887402,
                    0.4009550311468828,
                    -0.6944744854967625,
                    -1.7883649338577956
                ],
                [
                    -0.8019100622937654,
                    -0.29872238449437016,
                    0.5174023473023744,
                    1.3869930687861545
                ],
                [
                    0.0,
                    0.8660254037844385,
                    0.5,
                    2.5
                ],
                [
                    0.0,
                    0.0,
                    0.0,
                    1.0
                ]
            ],
            "mask_path": "masks/28.png"
        },
        {
            "file_path": "images/29.png",
            "transform_matrix": [
                [
                    -0.7669364514039436,
                    0.3208615275737834,
                    -0.5557484679519549,
                    -1.418600864853755
                ],
                [
                    -0.6417230551475666,
                    -0.3834682257019719,
                    0.6641864500041046,
                    1.764076255655871
                ],
                [
                    0.0,
                    0.8660254037844386,
                    0.5000000000000002,
                    2.5
                ],
                [
                    0.0,
                    0.0,
                    0.0,
                    1.0
                ]
            ],
            "mask_path": "masks/29.png"
        },
        {
            "file_path": "images/30.png",
            "transform_matrix": [
                [
                    -0.9154166638802967,
                    0.2012537772876996,
                    -0.3485817674774469,
                    -0.8701776307298693
                ],
                [
                    -0.40250755457539905,
                    -0.4577083319401485,
                    0.7927740859679377,
                    2.090219379970178
                ],
                [
                    0.0,
                    0.8660254037844386,
                    0.5000000000000001,
                    2.5
                ],
                [
                    0.0,
                    0.0,
                    0.0,
                    1.0
                ]
            ],
            "mask_path": "masks/30.png"
        },
        {
            "file_path": "images/31.png",
            "transform_matrix": [
                [
                    -0.979104226738887,
                    0.10167953725067588,
                    -0.1761141246082628,
                    -0.4167804399711267
                ],
                [
                    -0.20335907450135168,
                    -0.48955211336944354,
                    0.8479291333085951,
                    2.226843529516681
                ],
                [
                    1.3877787807814457e-17,
                    0.8660254037844387,
                    0.5000000000000001,
                    2.5
                ],
                [
                    0.0,
                    0.0,
                    0.0,
                    1.0
                ]
            ],
            "mask_path": "masks/31.png"
        },
        {
            "file_path": "images/32.png",
            "transform_matrix": [
                [
                    -0.9974688794503358,
                    -0.0355521958818705,
                    0.061578209588040694,
                    0.2055092469134645
                ],
                [
                    0.07110439176374099,
                    -0.49873443972516807,
                    0.8638333890883885,
                    2.25624645957705
                ],
                [
                    -3.469446951953614e-18,
                    0.8660254037844386,
                    0.5000000000000002,
                    2.5
                ],
                [
                    0.0,
                    0.0,
                    0.0,
                    1.0
                ]
            ],
            "mask_path": "masks/32.png"
        },
        {
            "file_path": "images/33.png",
            "transform_matrix": [
                [
                    -0.9539365992495968,
                    -0.1500041371197095,
                    0.2598147868368653,
                    0.721732078078022
                ],
                [
                    0.3000082742394189,
                    -0.4769682996247986,
                    0.8261333285498863,
                    2.148466812063313
                ],
                [
                    0.0,
                    0.8660254037844387,
                    0.5000000000000002,
                    2.5
                ],
                [
                    0.0,
                    0.0,
                    0.0,
                    1.0
                ]
            ],
            "mask_path": "masks/33.png"
        },
        {
            "file_path": "images/34.png",
            "transform_matrix": [
                [
                    -0.8436498755591894,
                    -0.26844686972889287,
                    0.4649636175032659,
                    1.2533559161175283
                ],
                [
                    0.5368937394577856,
                    -0.42182493777959484,
                    0.7306222241338383,
                    1.8887066420511096
                ],
                [
                    0.0,
                    0.8660254037844386,
                    0.5000000000000002,
                    2.5
                ],
                [
                    0.0,
                    0.0,
                    0.0,
                    1.0
                ]
            ],
            "mask_path": "masks/34.png"
        },
        {
            "file_path": "images/35.png",
            "transform_matrix": [
                [
                    -0.6727583104294316,
                    -0.36993116107869883,
                    0.6407395662912525,
                    1.706660054309899
                ],
                [
                    0.7398623221573974,
                    -0.33637915521471584,
                    0.5826257874389851,
                    1.493026907445604
                ],
                [
                    -5.551115123125783e-17,
                    0.8660254037844386,
                    0.5000000000000001,
                    2.5
                ],
                [
                    0.0,
                    0.0,
                    0.0,
                    1.0
                ]
            ],
            "mask_path": "masks/35.png"
        },
        {
            "file_path": "images/36.png",
            "transform_matrix": [
                [
                    -0.5036291370614239,
                    -0.43195997855784213,
                    0.7481766296985453,
                    1.980064618396104
                ],
                [
                    0.8639199571156841,
                    -0.25181456853071194,
                    0.43615562678122793,
                    1.104983299958553
                ],
                [
                    0.0,
                    0.8660254037844386,
                    0.5000000000000001,
                    2.5
                ],
                [
                    0.0,
                    0.0,
                    0.0,
                    1.0
                ]
            ],
            "mask_path": "masks/36.png"
        },
        {
            "file_path": "images/37.png",
            "transform_matrix": [
                [
                    -0.25371056694626204,
                    -0.4836400904132655,
                    0.8376892091729812,
                    2.2038392532551385
                ],
                [
                    0.9672801808265309,
                    -0.12685528347313102,
                    0.21971979618401538,
                    0.5348188326538761
                ],
                [
                    0.0,
                    0.8660254037844386,
                    0.5000000000000001,
                    2.5
                ],
                [
                    0.0,
                    0.0,
                    0.0,
                    1.0
                ]
            ],
            "mask_path": "masks/37.png"
        },
        {
            "file_path": "images/38.png",
            "transform_matrix": [
                [
                    -0.006621163067931035,
                    -0.49998903992978383,
                    0.8660064203859695,
                    2.2673229319277812
                ],
                [
                    0.9999780798595675,
                    -0.003310581533965462,
                    0.005734095419427598,
                    -0.02630962981357545
                ],
                [
                    0.0,
                    0.8660254037844385,
                    0.5000000000000001,
                    2.5
                ],
                [
                    0.0,
                    0.0,
                    0.0,
                    1.0
                ]
            ],
            "mask_path": "masks/38.png"
        },
        {
            "file_path": "images/39.png",
            "transform_matrix": [
                [
                    0.2647970109882223,
                    -0.48215208777202867,
                    0.8351119129965621,
                    2.175477301191681
                ],
                [
                    0.9643041755440569,
                    0.13239850549411114,
                    -0.22932093836198764,
                    -0.6393561832659171
                ],
                [
                    5.551115123125783e-17,
                    0.8660254037844386,
                    0.5000000000000002,
                    2.5
                ],
                [
                    0.0,
                    0.0,
                    0.0,
                    1.0
                ]
            ],
            "mask_path": "masks/39.png"
        },
        {
            "file_path": "images/40.png",
            "transform_matrix": [
                [
                    0.4922320439326928,
                    -0.4352320113818158,
                    0.7538439567937005,
                    1.9537318953827225
                ],
                [
                    0.8704640227636313,
                    0.2461160219663464,
                    -0.42628545460244993,
                    -1.150625147836612
                ],
                [
                    5.551115123125783e-17,
                    0.8660254037844386,
                    0.5000000000000001,
                    2.5
                ],
                [
                    0.0,
                    0.0,
                    0.0,
                    1.0
                ]
            ],
            "mask_path": "masks/40.png"
        },
        {
            "file_path": "images/41.png",
            "transform_matrix": [
                [
                    0.6696515209246914,
                    -0.37133773055106045,
                    0.6431758160817582,
                    1.6566100596917037
                ],
                [
                    0.7426754611021208,
                    0.3348257604623458,
                    -0.5799352288036692,
                    -1.5467039043237123
                ],
                [
                    -5.551115123125783e-17,
                    0.8660254037844386,
                    0.5000000000000001,
                    2.5
                ],
                [
                    0.0,
                    0.0,
                    0.0,
                    1.0
                ]
            ],
            "mask_path": "masks/41.png"
        },
        {
            "file_path": "images/42.png",
            "transform_matrix": [
                [
                    0.8434174655014598,
                    -0.26862938171721545,
                    0.46527973754003105,
                    1.1846220950375108
                ],
                [
                    0.5372587634344308,
                    0.42170873275072995,
                    -0.7304209511197496,
                    -1.9315273098169923
                ],
                [
                    2.7755575615628914e-17,
                    0.8660254037844385,
                    0.5,
                    2.5
                ],
                [
                    0.0,
                    0.0,
                    0.0,
                    1.0
                ]
            ],
            "mask_path": "masks/42.png"
        },
        {
            "file_path": "images/43.png",
            "transform_matrix": [
                [
                    0.9455433752677298,
                    -0.16274806103861064,
                    0.2818879105521944,
                    0.7007638038974242
                ],
                [
                    0.32549612207722123,
                    0.47277168763386507,
                    -0.8188645833619366,
                    -2.1546340824717323
                ],
                [
                    -2.7755575615628914e-17,
                    0.8660254037844386,
                    0.5000000000000002,
                    2.5
                ],
                [
                    0.0,
                    0.0,
                    0.0,
                    1.0
                ]
            ],
            "mask_path": "masks/43.png"
        },
        {
            "file_path": "images/44.png",
            "transform_matrix": [
                [
                    0.9973973575327244,
                    -0.036050350853836774,
                    0.062441039309529316,
                    0.124466465445424
                ],
                [
                    0.07210070170767352,
                    0.4986986787663623,
                    -0.8637714492908097,
                    -2.2618084028602317
                ],
                [
                    0.0,
                    0.8660254037844386,
                    0.5000000000000002,
                    2.5
                ],
                [
                    0.0,
                    0.0,
                    0.0,
                    1.0
                ]
            ],
            "mask_path": "masks/44.png"
        },
        {
            "file_path": "images/45.png",
            "transform_matrix": [
                [
                    0.9793830212150413,
                    0.10100606139695058,
                    -0.1749476302119398,
                    -0.49532848514304684
                ],
                [
                    -0.20201212279390113,
                    0.4896915106075208,
                    -0.8481705764073795,
                    -2.20929280154541
                ],
                [
                    0.0,
                    0.8660254037844386,
                    0.5000000000000002,
                    2.5
                ],
                [
                    0.0,
                    0.0,
                    0.0,
                    1.0
                ]
            ],
            "mask_path": "masks/45.png"
        },
        {
            "file_path": "images/46.png",
            "transform_matrix": [
                [
                    0.9085776770529624,
                    0.2088579689412418,
                    -0.3617526137718733,
                    -0.980749601558563
                ],
                [
                    -0.41771593788248357,
