{
    "horizontal_fov": 1.3962634,
    "fl_x": 762.72,
    "fl_y": 762.72,
    "w": 1280,
    "h": 720,
    "cx": 640,
    "cy": 360,
    "k1": 0,
    "k2": 0,
    "k3": 0,
    "p1": 0,
    "p2": 0,
    "camera_model": "OPENCV",
    "frames": [
        {
            "file_path": "images/0.png",
            "transform_matrix": [
                [
                    -0.011987505198691906,
                    0.4999640736390746,
                    -0.8659631775019845,
                    -1.7590407614927592
                ],
                [
                    -0.9999281472781488,
                    -0.005993752599345925,
                    0.01038148403006528,
                    0.008529942359684003
                ],
                [
                    5.551115123125783e-17,
                    0.8660254037844386,
                    0.5000000000000002,
                    2.5
                ],
                [
                    0.0,
                    0.0,
                    0.0,
                    1.0
                ]
            ],
            "mask_path": "masks/0.png"
        },
        {
            "file_path": "images/1.png",
            "transform_matrix": [
                [
                    -0.13458867398256097,
                    0.49545077677697125,
                    -0.8581459180271802,
                    -1.7439316284627826
                ],
                [
                    -0.9909015535539422,
                    -0.06729433699128046,
                    0.11655721073055952,
                    0.2244805040626232
                ],
                [
                    5.551115123125783e-17,
                    0.8660254037844386,
                    0.5000000000000002,
                    2.5
                ],
                [
                    0.0,
                    0.0,
                    0.0,
                    1.0
                ]
            ],
            "mask_path": "masks/1.png"
        },
        {
            "file_path": "images/2.png",
            "transform_matrix": [
                [
                    -0.3931336420033088,
                    0.4597406713369002,
                    -0.7962942010613355,
                    -1.6212417193668536
                ],
                [
                    -0.9194813426738001,
                    -0.19656682100165443,
                    0.34046372105716244,
                    0.6793055249732043
                ],
                [
                    0.0,
                    0.8660254037844386,
                    0.5000000000000001,
                    2.5
                ],
                [
                    0.0,
                    0.0,
                    0.0,
                    1.0
                ]
            ],
            "mask_path": "masks/2.png"
        },
        {
            "file_path": "images/3.png",
            "transform_matrix": [
                [
                    -0.5844741043957092,
                    0.40570618102600864,
                    -0.7027037184817833,
                    -1.4347665097983582
                ],
                [
                    -0.8114123620520172,
                    -0.2922370521978547,
                    0.5061694222608422,
                    1.0168969667409047
                ],
                [
                    -5.551115123125783e-17,
                    0.8660254037844386,
                    0.5000000000000002,
                    2.5
                ],
                [
                    0.0,
                    0.0,
                    0.0,
                    1.0
                ]
            ],
            "mask_path": "masks/3.png"
        },
        {
            "file_path": "images/4.png",
            "transform_matrix": [
                [
                    -0.7641728833711142,
                    0.322505738057588,
                    -0.5585963240482418,
                    -1.1447485173135226
                ],
                [
                    -0.6450114761151757,
                    -0.3820864416855573,
                    0.6617931298825878,
                    1.3350605088132779
                ],
                [
                    0.0,
                    0.8660254037844387,
                    0.5000000000000003,
                    2.5
                ],
                [
                    0.0,
                    0.0,
                    0.0,
                    1.0
                ]
            ],
            "mask_path": "masks/4.png"
        },
        {
            "file_path": "images/5.png",
            "transform_matrix": [
                [
                    -0.9135574538455333,
                    0.20335484904672568,
                    -0.35222093051442827,
                    -0.7289942661806005
                ],
                [
                    -0.4067096980934513,
                    -0.4567787269227668,
                    0.7911639628468616,
                    1.600901596672073
                ],
                [
                    0.0,
                    0.8660254037844386,
                    0.5000000000000001,
                    2.5
                ],
                [
                    0.0,
                    0.0,
                    0.0,
                    1.0
                ]
            ],
            "mask_path": "masks/5.png"
        },
        {
            "file_path": "images/6.png",
            "transform_matrix": [
                [
                    -0.9783924663155978,
                    0.10337816725121632,
                    -0.17905623807245966,
                    -0.3787449656811179
                ],
                [
                    -0.2067563345024326,
                    -0.48919623315779903,
                    0.8473127307006183,
                    1.7184028051524867
                ],
                [
                    0.0,
                    0.8660254037844386,
                    0.5000000000000001,
                    2.5
                ],
                [
                    0.0,
                    0.0,
                    0.0,
                    1.0
                ]
            ],
            "mask_path": "masks/6.png"
        },
        {
            "file_path": "images/7.png",
            "transform_matrix": [
                [
                    -0.998400807113054,
                    -0.028265828998997634,
                    0.04895785194431762,
                    0.0827854314134462
                ],
                [
                    0.05653165799799525,
                    -0.4992004035565271,
                    0.864640462118792,
                    1.7572156084960089
                ],
                [
                    0.0,
                    0.8660254037844386,
                    0.5000000000000002,
                    2.5
                ],
                [
                    0.0,
                    0.0,
                    0.0,
                    1.0
                ]
            ],
            "mask_path": "masks/7.png"
        },
        {
            "file_path": "images/8.png",
            "transform_matrix": [
                [
                    -0.9545936219938258,
                    -0.14895554441569928,
                    0.2579985709970736,
                    0.5074956526358865
                ],
                [
                    0.2979110888313984,
                    -0.47729681099691307,
                    0.8267023269372527,
                    1.6838413534156094
                ],
                [
                    -2.7755575615628914e-17,
                    0.8660254037844388,
                    0.5000000000000002,
                    2.5
                ],
                [
                    0.0,
                    0.0,
                    0.0,
                    1.0
                ]
            ],
            "mask_path": "masks/8.png"
        },
        {
            "file_path": "images/9.png",
            "transform_matrix": [
                [
                    -0.8416296890029374,
                    -0.27002752942469543,
                    0.46770140040587227,
                    0.9349979151806362
                ],
                [
                    0.5400550588493908,
                    -0.4208148445014688,
                    0.7288726912557404,
                    1.4888792136043703
                ],
                [
                    -2.7755575615628914e-17,
                    0.8660254037844386,
                    0.5000000000000001,
                    2.5
                ],
                [
                    0.0,
                    0.0,
                    0.0,
                    1.0
                ]
            ],
            "mask_path": "masks/9.png"
        },
        {
            "file_path": "images/10.png",
            "transform_matrix": [
                [
                    -0.6681195259752744,
                    -0.37202698121593786,
                    0.6443696332524764,
                    1.2959915837024125
                ],
                [
                    0.7440539624318756,
                    -0.3340597629876372,
                    0.5786084822590047,
                    1.187559460873545
                ],
                [
                    -5.551115123125783e-17,
                    0.8660254037844386,
                    0.5000000000000001,
                    2.5
                ],
                [
                    0.0,
                    0.0,
                    0.0,
                    1.0
                ]
            ],
            "mask_path": "masks/10.png"
        },
        {
            "file_path": "images/11.png",
            "transform_matrix": [
                [
                    -0.4745230657224303,
                    -0.4401215343792515,
                    0.7623128590500354,
                    1.538953991737934
                ],
                [
                    0.8802430687585026,
                    -0.23726153286121515,
                    0.4109490295972974,
                    0.8499987867967573
                ],
                [
                    -5.551115123125783e-17,
                    0.8660254037844385,
                    0.5000000000000001,
                    2.5
                ],
                [
                    0.0,
                    0.0,
                    0.0,
                    1.0
                ]
            ],
            "mask_path": "masks/11.png"
        },
        {
            "file_path": "images/12.png",
            "transform_matrix": [
                [
                    -0.2572301681947514,
                    -0.48317508228656125,
                    0.8368837914715967,
                    1.692470081570523
                ],
                [
                    0.9663501645731221,
                    -0.1286150840973757,
                    0.22276786027639872,
                    0.4688687652139327
                ],
                [
                    -5.551115123125783e-17,
                    0.8660254037844386,
                    0.5000000000000002,
                    2.5
                ],
                [
                    0.0,
                    0.0,
                    0.0,
                    1.0
                ]
            ],
            "mask_path": "masks/12.png"
        },
        {
            "file_path": "images/13.png",
            "transform_matrix": [
                [
                    0.030887409099406737,
                    -0.499761435076559,
                    0.8656121972161346,
                    1.7564997797975601
                ],
                [
                    0.9995228701531177,
                    0.015443704549703396,
                    -0.02674928093716883,
                    -0.03722358128206187
                ],
                [
                    -5.551115123125783e-17,
                    0.8660254037844386,
                    0.5000000000000002,
                    2.5
                ],
                [
                    0.0,
                    0.0,
                    0.0,
                    1.0
                ]
            ],
            "mask_path": "masks/13.png"
        },
        {
            "file_path": "images/14.png",
            "transform_matrix": [
                [
                    0.24849741855018564,
                    -0.4843162791435712,
                    0.838860402409376,
                    1.7050877128180124
                ],
                [
                    0.9686325582871421,
                    0.12424870927509285,
                    -0.21520507723931526,
                    -0.41987787033664736
                ],
                [
                    5.551115123125783e-17,
                    0.8660254037844386,
                    0.5000000000000001,
                    2.5
                ],
                [
                    0.0,
                    0.0,
                    0.0,
                    1.0
                ]
            ],
            "mask_path": "masks/14.png"
        },
        {
            "file_path": "images/15.png",
            "transform_matrix": [
                [
                    0.5102020393071699,
                    -0.430027289566257,
                    0.7448291141698906,
                    1.5187260486648513
                ],
                [
                    0.8600545791325137,
                    0.255101019653585,
                    -0.4418479271026358,
                    -0.8815051409169373
                ],
                [
                    -5.551115123125783e-17,
                    0.8660254037844386,
                    0.5000000000000002,
                    2.5
                ],
                [
                    0.0,
                    0.0,
                    0.0,
                    1.0
                ]
            ],
            "mask_path": "masks/15.png"
        },
        {
            "file_path": "images/16.png",
            "transform_matrix": [
                [
                    0.6831046271956973,
                    -0.3651602621808086,
                    0.6324761270023324,
                    1.2917832810120464
                ],
                [
                    0.7303205243616171,
                    0.34155231359784866,
                    -0.5915859605941721,
                    -1.1871541937266872
                ],
                [
                    0.0,
                    0.8660254037844385,
                    0.5000000000000001,
                    2.5
                ],
                [
                    0.0,
                    0.0,
                    0.0,
                    1.0
                ]
            ],
            "mask_path": "masks/16.png"
        },
        {
            "file_path": "images/17.png",
            "transform_matrix": [
                [
                    0.8317545804321879,
                    -0.27757175555614233,
                    0.48076838336932715,
                    0.9860339736908219
                ],
                [
                    0.5551435111122844,
                    0.41587729021609404,
                    -0.7203205963683418,
                    -1.4513776957777185
                ],
                [
                    2.7755575615628914e-17,
                    0.8660254037844385,
                    0.5000000000000002,
                    2.5
                ],
                [
                    0.0,
                    0.0,
                    0.0,
                    1.0
                ]
            ],
            "mask_path": "masks/17.png"
        },
        {
            "file_path": "images/18.png",
            "transform_matrix": [
                [
                    0.9554720397056773,
                    -0.1475408259945981,
                    0.25554820681332274,
                    0.5319743210132976
                ],
                [
                    0.2950816519891961,
                    0.47773601985283876,
                    -0.8274630589908503,
                    -1.672139945612408
                ],
                [
                    0.0,
                    0.8660254037844388,
                    0.5000000000000002,
                    2.5
                ],
                [
                    0.0,
                    0.0,
                    0.0,
                    1.0
                ]
            ],
            "mask_path": "masks/18.png"
        },
        {
            "file_path": "images/19.png",
            "transform_matrix": [
                [
                    0.9977172700486531,
                    -0.033764808035377084,
                    0.05848236302508296,
                    0.13232593696590378
                ],
                [
                    0.06752961607075413,
                    0.49885863502432665,
                    -0.8640485016565925,
                    -1.7499332385575648
                ],
                [
                    3.469446951953614e-18,
                    0.8660254037844387,
                    0.5000000000000002,
                    2.5
                ],
                [
                    0.0,
                    0.0,
                    0.0,
                    1.0
                ]
            ],
            "mask_path": "masks/19.png"
        },
        {
            "file_path": "images/20.png",
            "transform_matrix": [
                [
                    0.9789722492764741,
                    0.10199673419595509,
                    -0.17666352583349204,
                    -0.3447525938261172
                ],
                [
                    -0.2039934683919101,
                    0.4894861246382372,
                    -0.8478148374734186,
                    -1.7206777432563038
                ],
                [
                    1.3877787807814457e-17,
                    0.8660254037844387,
                    0.5000000000000002,
                    2.5
                ],
                [
                    0.0,
                    0.0,
                    0.0,
                    1.0
                ]
            ],
            "mask_path": "masks/20.png"
        },
        {
            "file_path": "images/21.png",
            "transform_matrix": [
                [
                    0.9072497251112284,
                    0.21029618178036485,
                    -0.3642436714813323,
                    -0.7264189626708022
                ],
                [
                    -0.42059236356072965,
                    0.4536248625556143,
                    -0.7857013095227724,
                    -1.5978375776513913
                ],
                [
                    2.7755575615628914e-17,
                    0.8660254037844387,
                    0.5000000000000002,
                    2.5
                ],
                [
                    0.0,
                    0.0,
                    0.0,
                    1.0
                ]
            ],
            "mask_path": "masks/21.png"
        },
        {
            "file_path": "images/22.png",
            "transform_matrix": [
                [
                    0.7762471978531668,
                    0.31521432701620145,
                    -0.5459672296656916,
                    -1.0966433350619869
                ],
                [
                    -0.6304286540324026,
                    0.3881235989265835,
                    -0.6722497929573277,
                    -1.3712719371745976
                ],
                [
                    0.0,
                    0.8660254037844386,
                    0.5000000000000002,
                    2.5
                ],
                [
                    0.0,
                    0.0,
                    0.0,
                    1.0
                ]
            ],
            "mask_path": "masks/22.png"
        },
        {
            "file_path": "images/23.png",
            "transform_matrix": [
                [
                    0.5990082782409231,
                    0.40037141587494895,
                    -0.6934636341936999,
                    -1.3985776195649668
                ],
                [
                    -0.8007428317498977,
                    0.2995041391204616,
                    -0.5187563860338167,
                    -1.0621238955960994
                ],
                [
                    -5.551115123125783e-17,
                    0.8660254037844386,
                    0.5000000000000001,
                    2.5
                ],
                [
                    0.0,
                    0.0,
                    0.0,
                    1.0
                ]
            ],
            "mask_path": "masks/23.png"
        },
        {
            "file_path": "images/24.png",
            "transform_matrix": [
                [
                    0.3547968685394491,
                    0.4674717055808302,
                    -0.809684745166877,
                    -1.6373086701698467
                ],
                [
                    -0.9349434111616601,
                    0.17739843426972463,
                    -0.30726310133833074,
                    -0.635258650300542
                ],
                [
                    0.0,
                    0.8660254037844386,
                    0.5000000000000002,
                    2.5
                ],
                [
                    0.0,
                    0.0,
                    0.0,
                    1.0
                ]
            ],
            "mask_path": "masks/24.png"
        },
        {
            "file_path": "images/25.png",
            "transform_matrix": [
                [
                    -0.12172019252097638,
                    0.4962822268459392,
                    -0.8595860317905895,
                    -2.2410159293704384
                ],
                [
                    -0.9925644536918781,
                    -0.06086009626048822,
                    0.10541277887669809,
                    0.348039331415684
                ],
                [
                    0.0,
                    0.8660254037844386,
                    0.5000000000000001,
                    2.5
                ],
                [
                    0.0,
                    0.0,
                    0.0,
                    1.0
                ]
            ],
            "mask_path": "masks/25.png"
        },
        {
            "file_path": "images/26.png",
            "transform_matrix": [
                [
                    -0.12367373824793487,
                    0.49616146728353017,
                    -0.859376870092997,
                    -2.2415939556867026
                ],
                [
                    -0.9923229345670599,
                    -0.06183686912396752,
                    0.1071045991036988,
                    0.35182648675604067
                ],
                [
                    0.0,
                    0.8660254037844386,
                    0.5000000000000002,
                    2.5
                ],
                [
                    0.0,
                    0.0,
                    0.0,
                    1.0
                ]
            ],
            "mask_path": "masks/26.png"
        },
        {
            "file_path": "images/27.png",
            "transform_matrix": [
                [
                    -0.39974918267942616,
                    0.4583122818960701,
                    -0.7938201579768229,
                    -2.0508853569004803
                ],
                [
                    -0.91662456379214,
                    -0.19987459133971316,
                    0.34619294734244926,
                    0.9728713972499803
                ],
                [
                    0.0,
                    0.8660254037844386,
                    0.5000000000000002,
                    2.5
                ],
                [
                    0.0,
                    0.0,
                    0.0,
                    1.0
                ]
            ],
            "mask_path": "masks/27.png"
        },
        {
            "file_path": "images/28.png",
            "transform_matrix": [
                [
                    -0.5793951924639522,
                    0.40752337692139207,
                    -0.7058511940998929,
                    -1.8083725663039152
                ],
                [
                    -0.815046753842784,
                    -0.2896975962319761,
                    0.5017709555043566,
                    1.373157640121939
                ],
                [
                    0.0,
                    0.8660254037844386,
                    0.5000000000000001,
                    2.5
                ],
                [
                    0.0,
                    0.0,
                    0.0,
                    1.0
                ]
            ],
            "mask_path": "masks/28.png"
        },
        {
            "file_path": "images/29.png",
            "transform_matrix": [
                [
                    -0.7695277140455615,
                    0.3193067088693145,
                    -0.5530554429592563,
                    -1.3948016491843636
                ],
                [
                    -0.6386134177386289,
                    -0.3847638570227809,
                    0.6664305492796234,
                    1.7912971039112562
                ],
                [
                    0.0,
                    0.8660254037844386,
                    0.5000000000000002,
                    2.5
                ],
                [
                    0.0,
                    0.0,
                    0.0,
                    1.0
                ]
            ],
            "mask_path": "masks/29.png"
        },
        {
            "file_path": "images/30.png",
            "transform_matrix": [
                [
                    -0.9111806730730806,
                    0.20600350786945826,
                    -0.3568085421673166,
                    -0.8712480471788133
                ],
                [
                    -0.41200701573891635,
                    -0.4555903365365404,
                    0.7891056103186912,
                    2.0969480980609303
                ],
                [
                    2.7755575615628914e-17,
                    0.8660254037844385,
                    0.5000000000000001,
                    2.5
                ],
                [
                    0.0,
                    0.0,
                    0.0,
                    1.0
                ]
            ],
            "mask_path": "masks/30.png"
        },
        {
            "file_path": "images/31.png",
            "transform_matrix": [
                [
                    -0.9784625875318079,
                    0.103212117506327,
                    -0.17876863147772748,
                    -0.40027014426686497
                ],
                [
                    -0.20642423501265397,
                    -0.4892312937659041,
                    0.8473734574552005,
                    2.235321589291065
                ],
                [
                    1.3877787807814457e-17,
                    0.8660254037844386,
                    0.5000000000000002,
                    2.5
                ],
                [
                    0.0,
                    0.0,
                    0.0,
                    1.0
                ]
            ],
            "mask_path": "masks/31.png"
        },
        {
            "file_path": "images/32.png",
            "transform_matrix": [
                [
                    -0.9980694031247501,
                    -0.031054253115335564,
                    0.053787544186865266,
                    0.20986814431866563
                ],
                [
                    0.062108506230671115,
                    -0.4990347015623753,
                    0.8643534578460054,
                    2.2605563939280726
                ],
                [
                    0.0,
                    0.8660254037844387,
                    0.5000000000000002,
                    2.5
                ],
                [
                    0.0,
                    0.0,
                    0.0,
                    1.0
                ]
            ],
            "mask_path": "masks/32.png"
        },
        {
            "file_path": "images/33.png",
            "transform_matrix": [
                [
                    -0.9465481784144052,
                    -0.16128123413805134,
                    0.2793472918345169,
                    0.7960774503219823
                ],
                [
                    0.32256246827610263,
                    -0.4732740892072027,
                    0.8197347684127599,
                    2.125135415351615
                ],
                [
                    2.7755575615628914e-17,
                    0.8660254037844387,
                    0.5000000000000002,
                    2.5
                ],
                [
                    0.0,
                    0.0,
                    0.0,
                    1.0
                ]
            ],
            "mask_path": "masks/33.png"
        },
        {
            "file_path": "images/34.png",
            "transform_matrix": [
                [
                    -0.8183415742955606,
                    -0.2873660852377433,
                    0.4977326600039398,
                    1.359276453937053
                ],
                [
                    0.5747321704754863,
                    -0.40917078714778043,
                    0.7087045923129061,
                    1.817192512750816
                ],
                [
                    -2.7755575615628914e-17,
                    0.8660254037844386,
                    0.5000000000000002,
                    2.5
                ],
                [
                    0.0,
                    0.0,
                    0.0,
                    1.0
                ]
            ],
            "mask_path": "masks/34.png"
        },
        {
            "file_path": "images/35.png",
            "transform_matrix": [
                [
                    -0.6579255716678266,
                    -0.3765414791711412,
                    0.6521889730815544,
                    1.7522541480918585
                ],
                [
                    0.7530829583422822,
                    -0.32896278583391336,
                    0.5697802588637371,
                    1.440782862619534
                ],
                [
                    0.0,
                    0.8660254037844386,
                    0.5000000000000002,
                    2.5
                ],
                [
                    0.0,
                    0.0,
                    0.0,
                    1.0
                ]
            ],
            "mask_path": "masks/35.png"
        },
        {
            "file_path": "images/36.png",
            "transform_matrix": [
                [
                    -0.4922340136229104,
                    -0.4352314544678155,
                    0.7538429921903567,
                    2.0064440315851892
                ],
                [
                    0.8704629089356308,
                    -0.2461170068114553,
                    0.4262871604042159,
                    1.056748251898381
                ],
                [
                    -5.551115123125783e-17,
                    0.8660254037844385,
                    0.5000000000000002,
                    2.5
                ],
                [
                    0.0,
                    0.0,
                    0.0,
                    1.0
                ]
            ],
            "mask_path": "masks/36.png"
        },
        {
            "file_path": "images/37.png",
            "transform_matrix": [
                [
                    -0.24793006920266653,
                    -0.4843889658077385,
                    0.8389862994047463,
                    2.211731654728952
                ],
                [
                    0.9687779316154765,
                    -0.12396503460133335,
                    0.21471373829154305,
                    0.49747540078584596
                ],
                [
                    5.551115123125783e-17,
                    0.8660254037844385,
                    0.5000000000000002,
                    2.5
                ],
                [
                    0.0,
                    0.0,
                    0.0,
                    1.0
                ]
            ],
            "mask_path": "masks/37.png"
        },
        {
            "file_path": "images/38.png",
            "transform_matrix": [
                [
                    0.06182413575453172,
                    -0.4990435292232046,
                    0.8643687478030738,
                    2.256795498481149
                ],
                [
                    0.9980870584464089,
                    0.03091206787726586,
                    -0.0535412721304423,
                    -0.2074248561375712
                ],
                [
                    0.0,
                    0.8660254037844386,
                    0.5000000000000002,
                    2.5
                ],
                [
                    0.0,
                    0.0,
                    0.0,
                    1.0
                ]
            ],
            "mask_path": "masks/38.png"
        },
        {
            "file_path": "images/39.png",
            "transform_matrix": [
                [
                    0.258862040143089,
                    -0.48295715238853176,
                    0.8365063258157216,
                    2.171004625590865
                ],
                [
                    0.9659143047770634,
                    0.12943102007154456,
                    -0.2241811028393822,
                    -0.6515475034394596
                ],
                [
                    0.0,
                    0.8660254037844385,
                    0.5000000000000001,
                    2.5
                ],
                [
                    0.0,
                    0.0,
                    0.0,
                    1.0
                ]
            ],
            "mask_path": "masks/39.png"
        },
        {
            "file_path": "images/40.png",
            "transform_matrix": [
                [
                    0.506293420252687,
                    -0.4311806386564791,
                    0.7468267733930185,
                    1.918307201307797
                ],
                [
                    0.8623612773129579,
                    0.2531467101263436,
                    -0.4384629637077377,
                    -1.2047571166967144
                ],
                [
                    -5.551115123125783e-17,
                    0.8660254037844386,
                    0.5000000000000002,
                    2.5
                ],
                [
                    0.0,
                    0.0,
                    0.0,
                    1.0
                ]
            ],
            "mask_path": "masks/40.png"
        },
        {
            "file_path": "images/41.png",
            "transform_matrix": [
                [
                    0.7069989318783664,
                    -0.35360730702392507,
                    0.612465821693045,
                    1.5525161717912883
                ],
                [
                    0.7072146140478498,
                    0.3534994659391833,
                    -0.6122790354551289,
                    -1.6497577269704544
                ],
                [
                    5.551115123125783e-17,
                    0.8660254037844386,
                    0.5000000000000002,
                    2.5
                ],
                [
                    0.0,
                    0.0,
                    0.0,
                    1.0
                ]
            ],
            "mask_path": "masks/41.png"
        },
        {
            "file_path": "images/42.png",
            "transform_matrix": [
                [
                    0.8590134002639027,
                    -0.2559765507654209,
                    0.44336439147194284,
                    1.0991024869778836
                ],
                [
                    0.5119531015308416,
                    0.42950670013195147,
                    -0.74392742681979,
                    -1.9805191304594985
                ],
                [
                    2.7755575615628914e-17,
                    0.8660254037844386,
                    0.5000000000000002,
                    2.5
                ],
                [
                    0.0,
                    0.0,
                    0.0,
                    1.0
                ]
            ],
            "mask_path": "masks/42.png"
        },
        {
            "file_path": "images/43.png",
            "transform_matrix": [
                [
                    0.954238615664776,
                    -0.14952312895850922,
                    0.2589816562628112,
                    0.6098095661802034
                ],
                [
                    0.2990462579170184,
                    0.47711930783238815,
                    -0.8263948824377912,
                    -2.1812934953768455
                ],
                [
                    2.7755575615628914e-17,
                    0.8660254037844385,
                    0.5000000000000002,
                    2.5
                ],
                [
                    0.0,
                    0.0,
                    0.0,
                    1.0
                ]
            ],
            "mask_path": "masks/43.png"
        },
        {
            "file_path": "images/44.png",
            "transform_matrix": [
                [
                    0.999226420090298,
                    -0.01966317238855196,
                    0.03405761361495746,
                    0.018421920238628525
                ],
                [
                    0.03932634477710391,
                    0.49961321004514914,
                    -0.8653554639307793,
                    -2.265201880501112
                ],
                [
                    0.0,
                    0.8660254037844387,
                    0.5000000000000002,
                    2.5
                ],
                [
                    0.0,
                    0.0,
                    0.0,
                    1.0
                ]
            ],
            "mask_path": "masks/44.png"
        },
        {
            "file_path": "images/45.png",
            "transform_matrix": [
                [
                    0.9793096638527683,
                    0.10118372186841379,
                    -0.17525534717501073,
                    -0.5279105491042059
                ],
                [
                    -0.20236744373682752,
                    0.4896548319263842,
                    -0.8481070470680965,
                    -2.202632088878321
                ],
                [
                    -1.3877787807814457e-17,
                    0.8660254037844386,
                    0.5000000000000001,
                    2.5
                ],
                [
                    0.0,
                    0.0,
                    0.0,
                    1.0
                ]
            ],
            "mask_path": "masks/45.png"
        },
        {
            "file_path": "images/46.png",
            "transform_matrix": [
                [
                    0.8982566019474965,
